算法                                    x            y           z       rx         ry        rz  四元数姿态(w,x,y,z)                                                                          距离
---------------------------  ------------  -----------  ----------  -------  ---------  --------  --------------------------------------------------------------------------------------  ---------
end_link->marker:Tsai-Lenz   -0.00334469    0.0127418   -0.012011   3.08844  -1.5538    -56.5629  [0.8804031836517165, 0.01730745929764458, -0.024703229668748605, -0.47326571449082927]  0.0178271
end_link->marker:Park         0.000509648  -0.00517897  -0.0141241  2.99046   0.314714  -72.1081  [0.8081418295038767, 0.022711546154882623, -0.013137745887675134, -0.588403236488696]   0.0150523
end_link->marker:Horaud       0.00050095   -0.00479043  -0.0138928  3.08697   0.273497  -71.7547  [0.8099393778134255, 0.0232233670161562, -0.013852432549692595, -0.5858899125297264]    0.014704
end_link->marker:Daniilidis   0.0053699    -0.0116407   -0.0103109  1.19163   1.59198   -77.1218  [0.7817380999695588, 0.0167896567412921, 0.004381015986977821, -0.6233654282853803]     0.0164516

算法              x            y             z        rx       ry        rz         距离
------  -----------  -----------  ------------  --------  -------  --------  -----------
mean    0.00075895   -0.00221706  -0.0125847    2.58937   0.1566   -69.3869  0.0160088
var     9.55736e-06   8.1992e-05   2.39508e-06  0.652807  1.25611   59.3238  1.52987e-06
std     0.0030915     0.00905494   0.0015476    0.807965  1.12076    7.7022  0.00123688
Tsai-Lenz                      x            y           z        rx           ry          rz  四元数姿态(w,x,y,z)                                                                           距离
-------------------  -----------  -----------  ----------  --------  -----------  ----------  ----------------------------------------------------------------------------------------  --------
base_link->camera0   -0.0668741   -0.0282863   0.577778    -3.031     0.0416651    0.124865   [0.05384976539412569, -0.9963819140508833, -0.06113384482837704, 0.02420613839082481]     0.582323
base_link->camera1   -0.0524938   -0.0292633   0.570482    -3.02566   0.0964671    0.114609   [0.05501337977487008, -0.9956826255044623, -0.054321851054186646, 0.05136899660625155]    0.573639
base_link->camera2   -0.0304639   -0.0465483   0.551121    -2.96116   0.147507     0.151798   [0.08402791224281453, -0.9908695232633778, -0.06869262405409948, 0.07998888193044348]     0.553922
base_link->camera3   -0.0412849   -0.0359484   0.560711    -2.99611   0.128        0.132761   [0.06813908531045089, -0.9934297685224385, -0.06138304233617295, 0.06845788617876726]     0.563377
base_link->camera4   -0.0285413   -0.0412999   0.554873    -2.9772    0.157067     0.161151   [0.07529056673698369, -0.9908470660523807, -0.07354906483869694, 0.08452193394123309]     0.557139
base_link->camera5   -0.0253065   -0.0260639   0.550427    -2.99442   0.171468     0.119319   [0.0680276357152113, -0.9922383986347845, -0.052959948785322564, 0.08961274953003702]     0.551624
base_link->camera6   -0.0243614   -0.0113447   0.557134    -3.04437   0.170587     0.276725   [0.03621576789672285, -0.9862478359327408, -0.13315801010583772, 0.09095366192897222]     0.557782
base_link->camera7   -0.167226    -0.224993    0.47709     -2.54005  -0.201094     0.0737073  [0.2980950220237307, -0.9485428171128695, -0.06473106253833327, -0.08494569730664067]     0.553354
base_link->camera8   -0.109696     0.0213785   0.594625     3.13248  -0.0111562    0.271388   [0.0037588882506600775, 0.9907854544184999, 0.13524909599417487, 0.006142971968373716]    0.605037
base_link->camera9   -0.0757618    0.0375817   0.571849     3.10126   0.0784046    0.24445    [0.024775158892514113, 0.9914792721287757, 0.12258670426223606, -0.03643548241709923]     0.578069
base_link->camera10  -0.0909153   -0.00450486  0.560731    -3.04777   0.0448813    0.285761   [0.04321249130078924, -0.9886219502465858, -0.1411606899462557, 0.02886138770249066]      0.568071
base_link->camera11  -0.277022    -0.414634    0.178068    -1.74648   0.0708471   -0.363309   [0.6362861565319476, -0.7492199186596585, 0.16074633557635554, -0.08927517061417502]      0.5295
base_link->camera12  -0.127269     0.0322149   0.575202    -3.1364   -0.0456574    0.1421     [0.004212012322916466, -0.9972095387325651, -0.07103049448476324, -0.022584589131221248]  0.589994
base_link->camera13  -0.101877    -0.0195084   0.582601    -3.02844   0.00506262   0.112902   [0.05631116881367886, -0.9968146003584174, -0.05618772762782992, 0.005713496577981383]    0.591763
base_link->camera14  -0.0239256    0.213189    0.526718     2.80404   0.289963     0.253423   [0.18287971235579373, 0.9645614923503081, 0.1473437489690934, -0.12027451069674545]       0.56873
base_link->camera15  -0.359538    -0.212192    0.438954    -2.41656  -0.46143     -0.346907   [0.30315255710920325, -0.9105692926146215, 0.07721453448349497, -0.27018513306611874]     0.605783
base_link->camera16  -0.0665177    0.0701418   0.573672     3.07827   0.0796447    0.107195   [0.03371750503191956, 0.9972047427788747, 0.05476107426829467, -0.03804018373671726]      0.581759
base_link->camera17  -0.0986958    0.0194485   0.616777    -3.12501  -0.0363959    0.112012   [0.009296440571848578, -0.998223995243406, -0.05611604058024873, -0.017703714372484306]   0.624926
base_link->camera18  -0.110049     0.0483329   0.587192     3.10826   0.00313705   0.140566   [0.016734510580150082, 0.9973895589277726, 0.07024150187962765, -0.0003940954203071932]   0.599368
base_link->camera19  -0.067351     0.0158385   0.550524    -3.07863   0.110923     0.140387   [0.027464162980139144, -0.9956325023880138, -0.06825279212455769, 0.057473440018707155]   0.554855
base_link->camera20  -0.0930292   -0.040206    0.591052    -2.99436   0.0431549    0.143308   [0.07180562797068257, -0.9946143579946777, -0.0697991047198768, 0.02672668409800622]      0.599678
base_link->camera21  -0.0850273   -0.040284    0.585325    -2.98623   0.0887553    0.120478   [0.07472184032492737, -0.9944035835397685, -0.05652548075529863, 0.04881628465076742]     0.592839
base_link->camera22  -0.0977603    0.0352586   0.563756     3.08624   0.032238     0.169596   [0.028934358930161563, 0.9958580326809358, 0.08509757004400444, -0.013710769152833403]    0.573255
base_link->camera23   0.0148358   -0.0373331   0.558214    -3.01245   0.275587     0.114579   [0.05595919644494747, -0.9873432332829271, -0.047748964981899095, 0.14050602964573675]    0.559657
base_link->camera24  -0.0306808   -0.0679145   0.591702    -2.9596    0.143867     0.165729   [0.08440194094090735, -0.9904194782459069, -0.07570543359879453, 0.07883055752772099]     0.596377
mean                 -0.0894733   -0.0314776   0.545863    -1.47165   0.0569397    0.118744   0.5765127862185778
var                   0.00625391   0.0127023   0.00692362   6.54386   0.0212624    0.0228636  0.00047564881675003377
std                   0.0790817    0.112704    0.0832083    2.5581    0.145816     0.151207   0.021809374515332478
Park                           x            y           z        rx           ry          rz  四元数姿态(w,x,y,z)                                                                           距离
-------------------  -----------  -----------  ----------  --------  -----------  ----------  ----------------------------------------------------------------------------------------  --------
base_link->camera0   -0.117713    -0.0418755   0.580772    -3.03837  -0.017074    -0.142055   [0.050853013253490974, -0.9961452705426139, 0.07043138784336227, -0.012165139747677484]   0.594059
base_link->camera1   -0.089461    -0.0128175   0.583057    -3.13909   0.0503232   -0.138326   [0.0029868266786933434, -0.9972904400769758, 0.0691175877514745, 0.025012318182858092]    0.59002
base_link->camera2   -0.0769755   -0.0354494   0.570425    -3.08331   0.100021    -0.103756   [0.03165159449021268, -0.9969070831730176, 0.05322231249270902, 0.04839245332303159]      0.576686
base_link->camera3   -0.0799279   -0.02309     0.574727    -3.1106    0.0837028   -0.123959   [0.018041194885663882, -0.9970460881076468, 0.06252501856838964, 0.0407950429508107]      0.580718
base_link->camera4   -0.07107     -0.0327093   0.573596    -3.10447   0.107793    -0.093231   [0.02102518985916683, -0.9972447617214116, 0.04752179912258801, 0.0529386930207292]       0.578907
base_link->camera5   -0.0850157   -0.0371056   0.575011    -3.08921   0.0993676   -0.139945   [0.029564386525892942, -0.9958892686343915, 0.07110275338419776, 0.047696017961570435]    0.582445
base_link->camera6   -0.0755914   -0.0341231   0.57985     -3.13409   0.0923581    0.0185204  [0.003319427144629524, -0.9988856830173651, -0.009076995049269662, 0.04619504115420789]   0.585751
base_link->camera7   -0.233178    -0.209156    0.491819    -2.60011  -0.171905    -0.180428   [0.25792277245291567, -0.9581802233080253, 0.06362320549540418, -0.10638886611894117]     0.583099
base_link->camera8   -0.0855946   -0.00532006  0.582329    -3.138     0.0881931    0.0175074  [0.0014099365949734976, -0.998988707963069, -0.008665804923652563, 0.044096227345446055]  0.58861
base_link->camera9   -0.0593094   -0.0330429   0.550442    -3.06465   0.153701     0.0223883  [0.03748884448282596, -0.9962812597518416, -0.00819976836954757, 0.07714273656872599]     0.554613
base_link->camera10  -0.0369517    0.00530049  0.541424    -3.1067    0.231594     0.0864484  [0.012318256617527678, -0.9923113575717972, -0.04090137004334647, 0.11616156040833334]    0.54271
base_link->camera11  -0.36636     -0.38573     0.231776    -1.88422   0.211183    -0.573899   [0.5850237016217954, -0.7538659567359656, 0.2870850240138909, -0.08375904012250605]       0.580282
base_link->camera12  -0.124254     0.0429415   0.574939     3.07948   0.00538479  -0.116521   [0.030843363027861975, 0.9978231477777101, -0.05811583951550284, -0.004494653882331933]   0.589778
base_link->camera13  -0.145274    -0.00443115  0.59177     -3.10419  -0.0317249   -0.146148   [0.01748782763692488, -0.9970531242368116, 0.07269136950360174, -0.017181621979462568]    0.609357
base_link->camera14  -0.00234526   0.192725    0.517732     2.72279   0.30977     -0.0319349  [0.2029509952587747, 0.9668350418685229, 0.01663300129162726, -0.1541565392923609]        0.552445
base_link->camera15  -0.415825    -0.155047    0.465801    -2.49289  -0.388235    -0.569466   [0.24875535743749888, -0.9098773079332013, 0.20225316920577285, -0.263320550281579]       0.643367
base_link->camera16  -0.0445334    0.0169216   0.549962     3.12911   0.200424    -0.125788   [8.961796794493344e-05, -0.9930356031344517, 0.06191283236674211, 0.1002351438585444]     0.552021
base_link->camera17  -0.0909571   -0.0367923   0.589996    -3.04727   0.0792692   -0.121604   [0.04942357046162418, -0.9961458176128788, 0.0625138999990561, 0.03664468641019974]       0.598099
base_link->camera18  -0.0662223    0.0229021   0.574957     3.11732   0.118239    -0.106713   [0.0089475694444784, 0.9967971359450946, -0.05251812976647717, -0.059642743217631904]     0.579211
base_link->camera19  -0.0371883   -0.0181569   0.533885    -3.06965   0.225958    -0.105973   [0.04165021877634479, -0.9913735847265702, 0.05663868994555307, 0.11061525023035493]      0.535486
base_link->camera20  -0.0852422   -0.0133337   0.589786    -3.07106   0.0689198   -0.122123   [0.037273768168667495, -0.9968493431015116, 0.06216197911499548, 0.03221710286633562]     0.596063
base_link->camera21  -0.0580728    0.0212347   0.580173     3.12998   0.151947    -0.107793   [0.0016937057151016888, 0.9956744706189151, -0.05327391640230311, -0.07610104959758512]   0.583459
base_link->camera22  -0.12045     -0.0238114   0.566279    -3.07058  -0.0413842   -0.0620573  [0.03483338017524268, -0.9986975970321379, 0.030263325439128526, -0.02176870324952574]    0.579437
base_link->camera23  -0.049383    -0.0834092   0.563557    -2.95748   0.164131    -0.117253   [0.09624338083268298, -0.9902679216770417, 0.06567118249491527, 0.07611800531442543]      0.571833
base_link->camera24  -0.100904    -0.0775889   0.5932      -2.96045   0.0398433   -0.0871683  [0.09120719519016467, -0.9946796259098485, 0.04518319307448465, 0.015879811364768345]     0.606703
mean                 -0.108712    -0.0384386   0.549091    -1.76351   0.077272    -0.126851   0.5814062598571498
var                   0.00883045   0.00975102  0.00514718   5.83426   0.0190823    0.0210875  0.0004917539553086047
std                   0.0939705    0.0987473   0.0717439    2.41542   0.138139     0.145215   0.02217552604355993
Horaud                         x            y           z        rx           ry          rz  四元数姿态(w,x,y,z)                                                                           距离
-------------------  -----------  -----------  ----------  --------  -----------  ----------  ----------------------------------------------------------------------------------------  --------
base_link->camera0   -0.116124    -0.0414668   0.580839    -3.03923  -0.0144601   -0.136236   [0.0505480005698955, -0.9963735488151488, 0.06760519931219662, -0.01068587319082101]      0.593783
base_link->camera1   -0.0882768   -0.0130757   0.582898    -3.13754   0.0529507   -0.132591   [0.0037744462726108222, -0.9974479828470691, 0.06627701736169854, 0.026279878981553293]   0.58969
base_link->camera2   -0.0755667   -0.0356633   0.570102    -3.08141   0.102809    -0.0980909  [0.03252655639334074, -0.9969509093797523, 0.05048279590930482, 0.04982363629097212]      0.576193
base_link->camera3   -0.0787058   -0.0232784   0.574526    -3.10901   0.0863078   -0.118168   [0.018791768090668234, -0.9971518868481676, 0.05968830346675372, 0.04209857998111571]     0.580359
base_link->camera4   -0.0697453   -0.032879    0.573235    -3.10236   0.110678    -0.0876547  [0.02198768016403109, -0.9972709860237077, 0.0448216485654853, 0.054388805614558]         0.578398
base_link->camera5   -0.0834816   -0.0366302   0.574808    -3.08874   0.10126     -0.133776   [0.02971005205093648, -0.9960480183151007, 0.06806331007997311, 0.048713897797741844]     0.581992
base_link->camera6   -0.0743205   -0.0333265   0.579655    -3.13375   0.0942802    0.0246736  [0.0033337067844710195, -0.9988077034354892, -0.012137991770486953, 0.0471670129728248]   0.585349
base_link->camera7   -0.231722    -0.209269    0.49196     -2.60014  -0.172842    -0.174066   [0.25819625861022594, -0.958353590218312, 0.06044901780559858, -0.10601417075887319]      0.582678
base_link->camera8   -0.0856582   -0.00414185  0.582687    -3.13914   0.0868855    0.0235947  [0.0007133956461294522, -0.9989868671265073, -0.011732649820047958, 0.04344048001136902]  0.588964
base_link->camera9   -0.0589143   -0.0314186   0.550885    -3.06686   0.153084     0.0280607  [0.03617333852113649, -0.9963180775670177, -0.011122627147662753, 0.07692896111823697]    0.554917
base_link->camera10  -0.03803      0.00576749  0.542067    -3.10619   0.227842     0.0917568  [0.012352938457868577, -0.9924094389887025, -0.04354809433819498, 0.11434366531249894]    0.54343
base_link->camera11  -0.36409     -0.386741    0.23112     -1.88201   0.208073    -0.568249   [0.5858312398518642, -0.754409995796298, 0.28402561322010134, -0.08364668368323251]       0.579263
base_link->camera12  -0.124334     0.0433103   0.575118     3.07966   0.00427762  -0.110194   [0.03079496407504441, 0.9980052712349585, -0.0549764252930109, -0.0038394578856308873]    0.589996
base_link->camera13  -0.144651    -0.00441388  0.591827    -3.10362  -0.0317178   -0.139767   [0.017829270398226467, -0.9972749504839444, 0.06950493431494832, -0.017142180730232052]   0.609264
base_link->camera14  -0.00295311   0.193813    0.517998     2.72322   0.3091      -0.0254274  [0.20325963960879498, 0.9668688448230007, 0.01967660033801638, -0.15317632720455526]      0.553077
base_link->camera15  -0.41444     -0.156232    0.465768    -2.49259  -0.389863    -0.563372   [0.2494354701369242, -0.9103792842249433, 0.1991538267444684, -0.2633044974638405]        0.642735
base_link->camera16  -0.0443249    0.0184759   0.550513     3.12748   0.198786    -0.120105   [0.0010519023921012772, 0.9932881588748119, -0.05902019326580267, -0.0994693104797215]    0.552604
base_link->camera17  -0.090282    -0.0353339   0.590659    -3.04922   0.0777929   -0.115811   [0.048308201690330795, -0.9964010218386123, 0.059559985839679516, 0.03610996282458101]    0.598562
base_link->camera18  -0.0667307    0.0240497   0.575272     3.11628   0.116541    -0.100723   [0.009684588794585875, 0.9969943034799206, -0.04951480308981519, -0.058794998456032116]   0.579629
base_link->camera19  -0.0373823   -0.0168815   0.534295    -3.0707    0.224261    -0.100096   [0.0407652140891539, -0.9916539353949297, 0.05364192421298719, 0.1099236721672916]        0.535867
base_link->camera20  -0.0856179   -0.0133489   0.589914    -3.07067   0.068116    -0.115734   [0.03734251074292012, -0.9970501327364851, 0.05896986228354144, 0.03192373793640676]      0.596244
base_link->camera21  -0.059004     0.0203761   0.58045      3.13276   0.150396    -0.10178    [0.0005742945253095157, 0.9958901718311727, -0.05039259550586088, -0.07525305411781198]   0.583797
base_link->camera22  -0.120042    -0.0219987   0.566402    -3.07495  -0.0405935   -0.0572332  [0.032713954663893825, -0.9988492791787658, 0.027915074961896914, -0.021228830494877577]  0.579401
base_link->camera23  -0.0476018   -0.0820627   0.563672    -2.9603    0.167145    -0.112776   [0.09474672014239899, -0.9904155357287763, 0.06347506310023357, 0.0779168914533969]       0.5716
base_link->camera24  -0.0988248   -0.0772182   0.593386    -2.96153   0.0434167   -0.0819836  [0.09069825849025805, -0.9947988961288106, 0.042754708156461166, 0.017916950024771883]    0.606495
mean                 -0.108033    -0.0379835   0.549202    -1.76362   0.077381    -0.12103    0.5813714039052053
var                   0.0087458    0.00982651  0.00516561   5.83508   0.019021     0.0210744  0.0004820905174866252
std                   0.093519     0.0991288   0.0718722    2.41559   0.137917     0.14517    0.02195655978259402
Daniilidis                     x            y           z        rx            ry            rz  四元数姿态(w,x,y,z)                                                                          距离
-------------------  -----------  -----------  ----------  --------  ------------  ------------  ---------------------------------------------------------------------------------------  --------
base_link->camera0   -0.149721    -0.0418531   0.587955    -3.03178  -0.0666208    -0.223268     [0.05080378643946799, -0.9919308917846722, 0.10935619267020022, -0.03915743009131297]    0.60816
base_link->camera1   -0.111194    -0.00485262  0.594933     3.11762  -0.000755967  -0.214744     [0.011957656994923202, 0.9941691812106995, -0.10716262306390899, -0.000908728838292421]  0.605254
base_link->camera2   -0.101013    -0.0269654   0.585065    -3.1162    0.0476867    -0.178535     [0.014765688214183696, -0.9956279683954775, 0.08941802036193407, 0.022612842254089695]   0.594333
base_link->camera3   -0.102115    -0.0161085   0.587405    -3.13783   0.0329964    -0.201308     [0.0035310361226114587, -0.994798370370824, 0.1005012040958358, 0.01622473626105361]     0.596432
base_link->camera4   -0.0935799   -0.0241738   0.588741    -3.14102   0.0547754    -0.16628      [0.002557582792384773, -0.9961714290823663, 0.08302110027545884, 0.027266088082238148]   0.596622
base_link->camera5   -0.110433    -0.0468574   0.586802    -3.0869    0.0593521    -0.22603      [0.030501472299411907, -0.9927202740286575, 0.1134888959867052, 0.026389168379359812]    0.598939
base_link->camera6   -0.0965959   -0.0492752   0.591726    -3.12916   0.0525232    -0.0673649    [0.00709332544079061, -0.9990633902488698, 0.03382690635586375, 0.026033966371204854]    0.60158
base_link->camera7   -0.259463    -0.214885    0.494368    -2.59057  -0.169156     -0.276661     [0.25727001662428656, -0.9528554842347539, 0.10945312098739113, -0.1178922347570507]     0.598244
base_link->camera8   -0.0967165   -0.0255996   0.585001    -3.12678   0.0946046    -0.0757129    [0.009181323444964286, -0.9981251619586221, 0.03815397100172342, 0.046969552495986625]   0.593494
base_link->camera9   -0.0745756   -0.0504553   0.551318    -3.04661   0.162439     -0.0678026    [0.050034410727535915, -0.9948772271573897, 0.037594132576703965, 0.07938854969437999]   0.558622
base_link->camera10  -0.0286976   -0.0113326   0.537796    -3.11852   0.274076     -0.000848643  [0.011483737432063401, -0.990558359504562, 0.001995953717258081, 0.13659530137958933]    0.538681
base_link->camera11  -0.406855    -0.375333    0.245641    -1.91465   0.243689     -0.665102     [0.5725772695432602, -0.7442835614205974, 0.3310887610439839, -0.09261470138059306]      0.605595
base_link->camera12  -0.130065     0.0290031   0.579569     3.08302   0.00874654   -0.21149      [0.02865881778204418, 0.9939917417123963, -0.10537442073742245, -0.007437810507459051]   0.594692
base_link->camera13  -0.154601    -0.0142508   0.597309    -3.09877  -0.037232     -0.24114      [0.01901113822029547, -0.9923886529324529, 0.11983417943311982, -0.021050120998964347]   0.617157
base_link->camera14   0.00284246   0.166907    0.523612     2.72641   0.308487     -0.125881     [0.19379701185153997, 0.9669902977152834, -0.029216290402095113, -0.16284621793907883]   0.549578
base_link->camera15  -0.444481    -0.141068    0.470049    -2.49141  -0.377279     -0.664498     [0.23861231368931685, -0.8994414560465438, 0.2469837795714977, -0.2703113825374028]      0.662125
base_link->camera16  -0.060003    -0.00485007  0.549974    -3.14021   0.214693     -0.215992     [0.012229513271421728, -0.988443312753237, 0.1072393311259506, 0.1064423897618288]       0.553258
base_link->camera17  -0.11326     -0.0540394   0.588749    -3.0307    0.0937952    -0.212715     [0.060014777360212615, -0.9914538118192918, 0.10846081190927964, 0.04066715883093207]    0.601975
base_link->camera18  -0.070576     0.00344648  0.577579     3.1268    0.130445     -0.199402     [0.000859109349992277, 0.9929391217036969, -0.09884154630333075, -0.06558590737179966]   0.581885
base_link->camera19  -0.0459147   -0.0396665   0.535758    -3.05999   0.238139     -0.19762      [0.05200991815888322, -0.9867762023865079, 0.10269058228682687, 0.11411546401062542]     0.539183
base_link->camera20  -0.0843848   -0.0226853   0.595098    -3.06767   0.0694469    -0.216946     [0.04046997129528432, -0.9927058238102083, 0.10939673972666905, 0.030490689297388986]    0.601479
base_link->camera21  -0.0452954    0.023172    0.581646     3.09622   0.162219     -0.201569     [0.014344546715260954, 0.99158438285337, -0.09842901624803452, -0.08286358923724738]     0.583867
base_link->camera22  -0.136158    -0.0563276   0.570428    -2.99894  -0.0605187    -0.125408     [0.06920377653770848, -0.9951763931673122, 0.06032288273805787, -0.034582273111935784]   0.589151
base_link->camera23  -0.086981    -0.0998848   0.568553    -2.91714   0.108336     -0.177644     [0.11615998171539528, -0.9878021380389524, 0.0940575785222679, 0.04366882934177059]      0.583777
base_link->camera24  -0.140894    -0.0751208   0.597076    -2.95098  -0.022665     -0.158167     [0.09396664845552938, -0.9923720376296773, 0.07756261738532298, -0.018762950010464522]   0.618057
mean                 -0.125629    -0.0469222   0.554886    -1.76183   0.0648889    -0.212485     0.5908856280998982
var                   0.0102702    0.00865932  0.00503487   5.81429   0.0209962     0.0217246    0.0007014241782501294
std                   0.101342     0.0930555   0.0709568    2.41128   0.144901      0.147393     0.02648441387401521
