 191 182 190 183 182 186 187 187 185 180 181 180 182 181 183 183
 183 179 181 182 183 184 183 183 184 184 184 183 185 184 183 181
 179 180 181 182 183 185 185 183 184 184 184 186 185 186 185 183
 183 180 181 181 183 183 184 183 183 183 184 185 185 187 187 185
 180 180 180 181 181 182 182 183 182 182 183 183 182 185 186 184
 177 179 180 180 181 181 181 181 180 181 180 181 183 185 185 187
 172 177 179 180 180 181 181 179 179 179 180 182 183 184 183 185
 173 175 177 178 179 178 178 176 176 176 179 182 183 183 182 193
 173 173 174 175 175 175 174 174 173 175 178 182 183 183 182 183
 167 171 172 172 172 172 172 173 173 174 179 181 182 183 181 189
 168 167 169 169 169 169 170 170 172 174 179 181 181 180 179 185
 163 165 166 167 166 166 166 168 171 175 178 179 178 179 175 182
 157 162 164 164 164 164 165 166 171 174 176 176 175 174 173 181
 156 159 160 161 160 162 164 167 171 172 174 174 173 172 169 167
 155 156 157 158 157 159 162 166 168 170 170 170 169 169 166 162
 161 151 150 152 155 166 163 162 166 163 163 179 168 177 168 158
 192 184 193 184 183 187 189 188 186 181 181 180 182 182 184 183
 183 180 181 182 184 184 183 183 184 184 184 183 185 184 183 181
 180 181 182 183 184 185 184 184 184 183 184 184 184 186 186 183
 183 181 182 182 184 184 184 183 183 183 184 184 184 186 185 184
 181 181 182 182 182 182 183 183 182 182 182 183 183 185 185 184
 178 180 181 181 181 181 181 181 181 181 181 182 183 183 183 187
 175 177 180 181 181 180 180 180 179 179 178 180 181 182 182 184
 175 176 177 179 179 178 178 177 176 175 177 180 181 181 181 191
 175 174 174 175 175 176 175 174 174 175 177 180 181 181 180 182
 169 172 173 173 173 173 172 173 173 175 177 180 180 180 178 187
 167 169 170 170 169 170 170 171 173 175 177 179 179 178 176 185
 163 165 167 167 166 167 166 169 171 174 176 177 176 176 174 182
 158 163 164 164 164 164 165 166 171 173 174 174 174 174 172 181
 156 159 162 162 161 162 163 167 170 172 172 172 171 171 169 167
 157 156 158 159 158 159 163 166 168 168 169 169 168 167 165 162
 163 152 152 154 156 167 163 162 166 164 162 177 168 175 168 160
 192 184 191 183 182 186 187 187 185 180 181 180 181 181 183 183
 182 179 180 181 182 183 182 182 182 183 183 183 183 183 183 181
 179 179 180 181 182 183 182 182 182 183 182 183 184 185 185 183
 183 179 180 180 182 182 182 182 182 182 183 184 182 184 185 184
 179 179 179 180 180 180 181 181 181 181 181 181 181 183 184 184
 176 177 179 179 180 179 179 180 180 179 179 180 181 183 183 186
 173 176 178 179 178 178 178 178 177 177 177 179 180 181 181 184
 173 174 175 177 176 176 176 175 174 175 176 179 181 180 180 191
 173 171 173 173 173 173 173 172 172 173 176 179 180 180 179 181
 167 170 170 170 170 171 171 171 171 173 175 178 179 179 177 186
 167 167 168 168 169 168 169 169 170 173 176 177 177 176 176 184
 163 165 164 166 165 165 166 167 170 172 174 174 175 174 173 182
 158 163 164 164 163 162 164 165 170 171 173 172 173 172 170 181
 156 159 161 162 161 160 163 165 168 170 171 170 171 170 168 166
 156 156 157 158 158 159 161 164 166 167 167 168 168 167 165 162
 162 152 151 154 156 166 164 161 166 163 162 177 167 175 168 161

 183 181 183 185 184 187 185 193 183 189 185 182 181 167 162 158
 183 183 185 187 186 185 183 182 182 181 179 175 173 169 166 168
 181 184 186 187 185 185 184 183 183 183 180 179 174 172 169 177
 182 185 185 185 182 183 183 183 183 182 181 178 175 173 169 168
 180 183 186 185 183 181 182 182 182 181 181 179 176 174 170 179
 181 184 184 184 183 180 180 179 178 179 179 178 176 174 170 163
 180 184 184 183 182 181 179 176 175 174 174 175 174 172 170 163
 185 184 184 183 182 180 179 176 173 173 172 171 171 171 168 166
 187 183 183 183 183 181 179 176 174 173 170 168 166 167 166 162
 187 183 185 184 182 181 181 178 174 172 170 166 165 164 162 163
 186 184 185 183 182 181 181 178 175 172 169 166 164 162 159 166
 182 183 183 183 181 181 180 179 175 172 169 166 164 160 157 155
 183 182 182 181 181 180 180 178 175 172 169 167 164 161 158 152
 190 181 181 181 180 180 179 177 174 172 169 166 164 160 157 150
 182 179 180 180 180 179 177 175 173 171 167 165 162 159 156 151
 191 183 179 183 180 177 172 173 173 167 168 163 157 156 155 161
 183 181 183 184 184 187 184 191 182 187 185 182 181 167 162 160
 184 183 186 185 185 183 182 181 180 178 176 174 172 169 165 168
 182 184 186 186 185 183 182 181 181 180 178 176 174 171 167 175
 182 185 184 184 183 183 181 181 181 180 179 176 174 171 168 168
 180 183 184 184 183 182 180 180 180 180 179 177 174 172 169 177
 181 184 184 184 182 181 178 177 177 177 177 176 174 172 169 162
 181 184 183 183 182 181 179 175 175 175 175 174 173 172 168 164
 186 184 184 183 182 181 179 176 174 173 173 171 171 170 168 166
 188 183 184 183 183 181 180 177 174 173 171 169 166 167 166 162
 189 183 184 184 183 181 180 178 175 172 170 166 165 163 163 163
 187 184 185 184 182 181 180 178 176 173 170 167 164 162 159 167
 183 184 184 184 182 181 181 179 175 173 169 166 164 161 158 156
 184 182 183 182 182 181 181 179 175 173 170 167 164 162 159 154
 193 181 182 182 182 181 180 177 174 173 170 167 164 162 158 152
 184 180 181 181 181 180 177 176 174 172 169 165 163 159 156 152
 192 183 180 183 181 178 175 175 175 169 167 163 158 156 157 163
 183 181 183 184 184 186 184 191 181 186 184 182 181 166 162 161
 183 183 185 185 184 183 181 180 179 177 176 173 170 168 165 168
 181 183 185 184 183 183 181 180 180 179 176 174 172 170 167 175
 181 183 184 182 181 181 180 181 180 179 177 175 173 171 168 167
 180 183 183 184 181 180 179 179 179 178 177 174 172 170 168 177
 181 183 182 183 181 179 177 176 176 175 176 174 173 171 167 162
 180 183 183 182 181 179 177 175 173 173 173 172 171 170 167 163
 185 182 182 182 181 180 177 174 172 171 170 170 170 168 166 166
 187 182 182 182 181 180 178 175 172 171 169 167 165 165 164 161
 187 182 182 182 181 179 178 176 173 171 169 166 164 163 161 164
 186 183 183 182 180 179 178 176 173 171 168 165 162 160 159 166
 182 182 182 182 180 180 178 176 173 170 169 165 163 161 158 156
 183 181 181 180 180 179 179 177 173 170 168 166 164 162 158 154
 191 180 180 180 179 179 178 175 173 170 168 164 164 161 157 151
 184 179 179 179 179 177 176 174 171 170 167 165 163 159 156 152
 192 182 179 183 179 176 173 173 173 167 167 163 158 156 156 162

 158 168 177 168 179 163 163 166 162 163 166 155 152 150 151 161
 162 166 169 169 170 170 170 168 166 162 159 157 158 157 156 155
 167 169 172 173 174 174 172 171 167 164 162 160 161 160 159 156
 181 173 174 175 176 176 174 171 166 165 164 164 164 164 162 157
 182 175 179 178 179 178 175 171 168 166 166 166 167 166 165 163
 185 179 180 181 181 179 174 172 170 170 169 169 169 169 167 168
 189 181 183 182 181 179 174 173 173 172 172 172 172 172 171 167
 183 182 183 183 182 178 175 173 174 174 175 175 175 174 173 173
 193 182 183 183 182 179 176 176 176 178 178 179 178 177 175 173
 185 183 184 183 182 180 179 179 179 181 181 180 180 179 177 172
 187 185 185 183 181 180 181 180 181 181 181 181 180 180 179 177
 184 186 185 182 183 183 182 182 183 182 182 181 181 180 180 180
 185 187 187 185 185 184 183 183 183 184 183 183 181 181 180 183
 183 185 186 185 186 184 184 184 183 185 185 183 182 181 180 179
 181 183 184 185 183 184 184 184 183 183 184 183 182 181 179 183
 183 183 181 182 180 181 180 185 187 187 186 182 183 190 182 191
 160 168 175 168 177 162 164 166 162 163 167 156 154 152 152 163
 162 165 167 168 169 169 168 168 166 163 159 158 159 158 156 157
 167 169 171 171 172 172 172 170 167 163 162 161 162 162 159 156
 181 172 174 174 174 174 173 171 166 165 164 164 164 164 163 158
 182 174 176 176 177 176 174 171 169 166 167 166 167 167 165 163
 185 176 178 179 179 177 175 173 171 170 170 169 170 170 169 167
 187 178 180 180 180 177 175 173 173 172 173 173 173 173 172 169
 182 180 181 181 180 177 175 174 174 175 176 175 175 174 174 175
 191 181 181 181 180 177 175 176 177 178 178 179 179 177 176 175
 184 182 182 181 180 178 179 179 180 180 180 181 181 180 177 175
 187 183 183 183 182 181 181 181 181 181 181 181 181 181 180 178
 184 185 185 183 183 182 182 182 183 183 182 182 182 182 181 181
 184 185 186 184 184 184 183 183 183 184 184 184 182 182 181 183
 183 186 186 184 184 184 183 184 184 184 185 184 183 182 181 180
 181 183 184 185 183 184 184 184 183 183 184 184 182 181 180 183
 183 184 182 182 180 181 181 186 188 189 187 183 184 193 184 192
 161 168 175 167 177 162 163 166 161 164 166 156 154 151 152 162
 162 165 167 168 168 167 167 166 164 161 159 158 158 157 156 156
 166 168 170 171 170 171 170 168 165 163 160 161 162 161 159 156
 181 170 172 173 172 173 171 170 165 164 162 163 164 164 163 158
 182 173 174 175 174 174 172 170 167 166 165 165 166 164 165 163
 184 176 176 177 177 176 173 170 169 169 168 169 168 168 167 167
 186 177 179 179 178 175 173 171 171 171 171 170 170 170 170 167
 181 179 180 180 179 176 173 172 172 173 173 173 173 173 171 173
 191 180 180 181 179 176 175 174 175 176 176 176 177 175 174 173
 184 181 181 180 179 177 177 177 178 178 178 178 179 178 176 173
 186 183 183 181 180 179 179 180 180 179 179 180 179 179 177 176
 184 184 183 181 181 181 181 181 181 181 180 180 180 179 179 179
 184 185 184 182 184 183 182 182 182 182 182 182 180 180 179 183
 183 185 185 184 183 182 183 182 182 182 183 182 181 180 179 179
 181 183 183 183 183 183 183 182 182 182 183 182 181 180 179 182
 183 183 181 181 180 181 180 185 187 187 186 182 183 191 184 192

 161 155 156 157 163 168 167 173 173 172 177 180 183 179 183 191
 151 156 159 162 165 167 171 173 175 177 179 180 180 180 179 182
 150 157 160 164 166 169 172 174 177 179 180 180 181 181 181 190
 152 158 161 164 167 169 172 175 178 180 180 181 181 182 182 183
 155 157 160 164 166 169 172 175 179 180 181 181 183 183 183 182
 166 159 162 164 166 169 172 175 178 181 181 182 183 185 184 186
 163 162 164 165 166 170 172 174 178 181 181 182 184 185 183 187
 162 166 167 166 168 170 173 174 176 179 181 183 183 183 183 187
 166 168 171 171 171 172 173 173 176 179 180 182 183 184 184 185
 163 170 172 174 175 174 174 175 176 179 181 182 183 184 184 180
 163 170 174 176 178 179 179 178 179 180 180 183 184 184 184 181
 179 170 174 176 179 181 181 182 182 182 181 183 185 186 183 180
 168 169 173 175 178 181 182 183 183 183 183 182 185 185 185 182
 177 169 172 174 179 180 183 183 183 184 185 185 187 186 184 181
 168 166 169 173 175 179 181 182 182 183 185 186 187 185 183 183
 158 162 167 181 182 185 189 183 193 185 187 184 185 183 181 183
 163 157 156 158 163 167 169 175 175 175 178 181 183 180 183 192
 152 156 159 163 165 169 172 174 176 177 180 181 181 181 180 184
 152 158 162 164 167 170 173 174 177 180 181 182 182 182 181 193
 154 159 162 164 167 170 173 175 179 181 181 182 182 183 182 184
 156 158 161 164 166 169 173 175 179 181 181 182 184 184 184 183
 167 159 162 164 167 170 173 176 178 180 181 182 184 185 184 187
 163 163 163 165 166 170 172 175 178 180 181 183 184 184 183 189
 162 166 167 166 169 171 173 174 177 180 181 183 183 184 183 188
 166 168 170 171 171 173 173 174 176 179 181 182 183 184 184 186
 164 168 172 173 174 175 175 175 175 179 181 182 183 183 184 181
 162 169 172 174 176 177 177 177 177 178 181 182 184 184 184 181
 177 169 172 174 177 179 180 180 180 180 182 183 184 184 183 180
 168 168 171 174 176 179 180 181 181 181 183 183 184 184 185 182
 175 167 171 174 176 178 180 181 181 182 183 185 186 186 184 182
 168 165 169 172 174 176 178 180 181 182 183 185 185 186 183 184
 160 162 167 181 182 185 187 182 191 184 187 184 184 183 181 183
 162 156 156 158 163 167 167 173 173 173 176 179 183 179 182 192
 152 156 159 163 165 167 170 171 174 176 177 179 179 179 179 184
 151 157 161 164 164 168 170 173 175 178 179 179 180 180 180 191
 154 158 162 164 166 168 170 173 177 179 179 180 180 181 181 183
 156 158 161 163 165 169 170 173 176 178 180 180 182 182 182 182
 166 159 160 162 165 168 171 173 176 178 179 180 182 183 183 186
 164 161 163 164 166 169 171 173 176 178 179 181 182 182 182 187
 161 164 165 165 167 169 171 172 175 178 180 181 182 182 182 187
 166 166 168 170 170 170 171 172 174 177 180 181 182 182 182 185
 163 167 170 171 172 173 173 173 175 177 179 181 182 183 183 180
 162 167 171 173 174 176 175 176 176 177 179 181 183 182 183 181
 177 168 170 172 174 177 178 179 179 179 180 181 184 183 183 180
 167 168 171 173 175 177 179 180 181 180 181 181 182 184 183 181
 175 167 170 172 174 176 179 180 180 181 183 183 184 185 183 181
 168 165 168 170 173 176 177 179 180 181 183 184 185 185 183 183
 161 162 166 181 182 184 186 181 191 184 186 184 184 183 181 183

