hand,-0.11649138571279992, 0.09403419452195154, 0.13335966374768388, -24.41896840983621, 14.471504343452162, -113.65104966220242
eye,0.0033505719620734453, -0.08211503177881241, 0.47632884979248047, 158.06990880949746, 3.027689782321435, 150.46818646213228
hand,-0.09725757142552177, 0.09792309421978876, 0.1551063568332155, 25.077584782654235, 5.001197288240361, -105.54250828774202
eye,0.014338584616780281, -0.08961960673332214, 0.4447542726993561, -154.62120750218676, -19.618233461156986, 140.87186940345214
hand,-0.16065143864018383, 0.15436534148313474, 0.1232611966266935, 14.189690699945535, 21.358920977045806, -151.2484737215157
eye,-0.041202012449502945, -0.13405460119247437, 0.4411492347717285, -176.88034540139577, -34.15273249846714, -167.88110608389616
hand,-0.15432830465582686, 0.08359871601537999, 0.12430248797250838, -8.990759819342294, 5.745073212226456, -139.30204600541805
eye,-0.03561326488852501, -0.07023339718580246, 0.4725050628185272, 163.84263150300492, -1.2809412143812855, 178.73885823860834
hand,-0.15413308536232542, 0.14961895835360026, 0.07710615760373171, -13.816757196850613, 21.57097677495254, -162.63547914053078
eye,-0.0308759193867445, -0.132741317152977, 0.5404120087623596, 159.8312803460415, -13.223539325402662, -160.1597969811231
hand,-0.13995586198691165, 0.007181736317111652, 0.09663100791270691, 2.0725302543272512, 9.157971085944665, -130.3699257040902
eye,-0.017235491424798965, 0.005889905616641045, 0.5209210515022278, -176.91338314535273, -15.892349147484456, 167.92930222126682
hand,-0.1733468227689258, 0.02558093220338021, 0.1427661400565442, -12.488655874520905, -0.472888293714818, -133.4295879791849
eye,-0.051356151700019836, -0.012076466344296932, 0.4434444010257721, 171.2177607327655, 16.856088046592873, 171.08682307200743
hand,-0.16565113614997698, 0.09146032796792308, 0.14329384596671363, -14.274601472363512, 1.497589240035349, -141.51310413153175
eye,-0.04417595639824867, -0.07524409145116806, 0.4399948716163635, 167.81680351519975, 20.111897812312435, 176.63745407633257
hand,-0.12923615762408314, 0.10787729675294115, 0.1449612196366855, -34.97777603703899, -8.199227334778406, -133.53745225588509
eye,-0.005815244745463133, -0.0943097174167633, 0.46209004521369934, 160.8772057901113, 25.04855304118639, 170.70815088814066
hand,-0.13441685610432372, 0.17940458700885176, 0.13775641690487916, -22.985102027582794, 4.836452474211057, 179.15109445324546
eye,-0.021273519843816757, -0.15942229330539703, 0.4653918743133545, 158.27265438321692, 28.245873301077616, -151.15963400395788
hand,-0.11256269491331161, 0.13277370738224817, 0.1438377889024314, -31.908721575733665, -3.036858601184769, -161.69824453847227
eye,0.0027230975683778524, -0.11528316140174866, 0.46300411224365234, 168.80890931426566, -7.023792083259729, -156.92215097606095
hand,-0.06192972515628425, 0.11436087803303288, 0.08152730198250127, -13.983751538728027, 18.754360351596723, -159.2763842604661
eye,0.06010276451706886, -0.09313057363033295, 0.5188060998916626, 164.81822787977868, -19.285688067064797, -162.0028677723808
hand,-0.0737986857615321, 0.06825183210696614, 0.10251139696378542, -8.985989995673295, 7.164143676073712, -145.88729227236652
eye,0.049266569316387177, -0.05130195617675781, 0.5036284327507019, 173.17809480851662, -14.305364131198582, -174.4352359343237
hand,-0.10461980758133643, 0.07666245045042729, 0.07380000249946181, -21.73680749724589, 18.92123112101049, -167.96247748155258
eye,0.01997222751379013, -0.058020610362291336, 0.5534096360206604, 153.26232860332485, -9.675387562059118, -154.3554070355554
hand,-0.11672042273330932, 0.10059566638839856, 0.05610753131670196, -40.36050148483469, 24.753310450443568, 164.5632273064318
eye,0.008122378028929234, -0.08090397715568542, 0.5799761414527893, 134.41458994672755, -6.5014096165404265, -134.1018047997309
hand,-0.11196261236809023, 0.08650372363922126, 0.06452087621550459, -31.192039972291777, 23.06590076209168, 177.7912536561501
eye,0.012546193785965443, -0.06795921921730042, 0.5672067403793335, 144.52033230952898, -8.080558994224067, -143.13984787483193
hand,-0.08725015909512193, 0.12800290174709952, 0.040013875243960745, -39.74639163703829, 31.100586738158423, 164.85126335831907
eye,0.039308641105890274, -0.10648225992918015, 0.5889288783073425, 132.5911600221015, -12.628320488027457, -134.28605443440105
hand,-0.07025903915100493, 0.10825604976282746, 0.06969532400196887, -21.66420744278316, 30.829747471890883, -179.77629387816572
eye,0.05248216167092323, -0.08712684363126755, 0.5347429513931274, 146.00606561346913, -22.42096605532784, -140.85433329078649
hand,-0.07451070971349816, 0.12712611101063842, 0.053832689474790335, -39.74639163703832, 31.100586738158412, 164.85126335831904
eye,0.05099771171808243, -0.10514888912439346, 0.5678897500038147, 133.40486394307524, -12.588000941315657, -134.68349783451444
hand,-0.07887204791232384, 0.11284373478837251, 0.06119273954642926, -18.512459113683338, 32.5679375788708, 179.04932826140288
eye,0.04576247185468674, -0.09578272700309753, 0.5579746961593628, 144.24210527579706, -21.601913670031095, -139.642614674058
hand,-0.06892744290589276, 0.11644721465042866, 0.06245449551431673, -18.225924079273764, 22.416413956191303, -164.05802265056707
eye,0.05665423721075058, -0.09505520015954971, 0.5484728217124939, 157.1179332003787, -18.983815802233046, -156.50804688825355
hand,-0.07500238919006623, 0.15842482606461492, 0.03970381746386353, -30.677214667832487, 28.36552351042223, 179.23411910412165
eye,0.05305350199341774, -0.13322630524635315, 0.5760948657989502, -171.30666053197498, 18.211382394412617, -154.3401944247833
hand,-0.059965005631225546, 0.20849712252580624, 0.05111932144785164, -18.372379793261427, 40.91398309681057, 158.12623812459412
eye,0.060940779745578766, -0.18277841806411743, 0.5393283367156982, 177.7056929662416, 52.63748193826911, -144.21351190808542
hand,-0.046021701100433805, 0.1692262781862651, 0.06760172610587908, -8.31969147918459, 31.717387903280034, -144.84896914811443
eye,0.08240512013435364, -0.15582385659217834, 0.5668705701828003, 168.29604964169172, 2.2033546592660724, 176.88173444504676
hand,-0.057285628894339025, 0.167545547887002, 0.05633848825283588, -7.290994329929528, 30.395833669862554, -142.90890898823784
eye,0.06835638731718063, -0.14586840569972992, 0.5509373545646667, 159.08988426780576, -26.375916778056677, -176.92238281967866
hand,-0.06320862420628026, 0.13981393815804782, 0.060856025167064204, -7.290994329929492, 30.395833669862533, -142.90890898823784
eye,0.06203976646065712, -0.12118054181337357, 0.5515420436859131, 162.63580554635467, -29.3128451526406, -174.66541501618295
hand,-0.06884972964770461, 0.07735125716414475, 0.061012741133632004, -23.621813312281834, 15.465711451951911, -125.7831589318117
eye,0.06189802661538124, -0.0489954948425293, 0.5339916944503784, -160.05870565608927, -11.925913756287596, 162.7841536252573
hand,-0.09000268928533478, 0.057949611384829985, 0.062308882014541406, -22.79713478004565, 3.5963802735850297, -143.32397751922608
eye,0.04639638960361481, -0.042762257158756256, 0.5325335264205933, 156.48538830818217, 8.671998560848214, -176.71599163378403
hand,-0.07180597722379214, 0.02677634026407523, 0.08596668675366734, -20.48771855417348, 1.4128134316968595, -140.40383295376864
eye,0.04932839050889015, -0.021598199382424355, 0.5194681286811829, 159.62489009779182, 11.606125122720542, -173.16573527476223
hand,-0.09818921911265244, 0.048711092205516206, 0.05407896644183907, -21.628018446687612, 2.5192953013094557, -141.8522820183198
eye,0.035942088812589645, -0.0376516692340374, 0.541268527507782, 157.9123742834935, 14.506387637826698, -177.24051835648373
hand,-0.11385352767467491, 0.05150560893410716, 0.11548464796270465, -30.144275532490887, -16.933225048361624, -128.97285666211613
eye,0.015737414360046387, -0.04585964232683182, 0.502960205078125, 169.87498130617493, 26.36064401563595, 175.69690943355255
hand,-0.11385352767467491, 0.05150560893410716, 0.11548464796270465, -30.144275532490887, -16.933225048361624, -128.97285666211613
eye,0.01666318066418171, -0.04272112622857094, 0.5006821155548096, 170.2975658279994, 28.193625789901013, 175.3186188818195
hand,-0.1736101409755352, 0.13278280275282808, 0.07793494876559279, -47.24299801734997, -3.600801855803026, -165.34282390896004
eye,-0.03688955679535866, -0.11422285437583923, 0.5193693041801453, 143.54781483353403, 27.04805497802671, -160.69685813674937
hand,-0.11785081169931735, 0.05395019171478356, 0.11312723846137611, -30.758122534830562, -16.0778418756794, -130.65077814057847
eye,0.011200140230357647, -0.0477583147585392, 0.5082069039344788, 168.25965801888432, 25.662959196612512, 176.98167043846115
hand,-0.15799785512613465, 0.12243590923775859, 0.14942441595844352, -49.2676452101869, -21.855914237930982, -144.95738236657033
eye,-0.024419965222477913, -0.1149580329656601, 0.4540320932865143, 155.42881745704457, 40.58768083248567, -169.59248308676007
hand,-0.15397475750739098, 0.08838125016352882, 0.1509701170077729, -47.51717573205056, -23.48822542961851, -135.00760904299108
eye,-0.0272768996655941, -0.08582277595996857, 0.4624260663986206, 163.1004892674733, 41.171142974870484, -174.78339734192892
hand,-0.18064895639622988, 0.1197715097641428, 0.14381229453891908, -50.24518773757326, -20.88568913280812, -150.61407228357552
eye,-0.048571113497018814, -0.10834915935993195, 0.4481573700904846, 152.98107906051507, 42.97202199806838, -166.99458629229852
hand,-0.1497439741544969, 0.08505582004293896, 0.15129971663873823, -47.0237544425628, -23.706185886696378, -133.13057387330923
eye,-0.0230009276419878, -0.08197754621505737, 0.45959073305130005, 164.01037952124952, 42.49112407694999, -176.74309493064965
hand,-0.2041382025877866, 0.10908064008142744, 0.15806765133626857, -5.075341537334695, 6.230609515049883, -170.2793169083562
eye,-0.0813722088932991, -0.11177649348974228, 0.43717002868652344, 175.15277924857008, 45.88530578043353, -149.94855710550252
hand,-0.17714541799983166, 0.11865481332745648, 0.15512533598875974, -33.733632868030824, -1.5931562085591089, -152.28796346764906
eye,-0.051138024777173996, -0.11059234291315079, 0.43129539489746094, 155.2783874916535, 27.502166816039086, -169.35973880281918
hand,-0.09837657050312378, 0.05317955108568771, 0.1655480715675514, -46.54339443542479, -9.570821613372424, -124.47790382097617
eye,0.019029907882213593, -0.05077429860830307, 0.44011390209198, 153.2663196987718, 32.30272209730652, 168.04382772398756
hand,-0.2159012172616602, 0.11195566346295317, 0.13856098063564987, -53.85747327953679, -3.6067292662677866, -167.42450752674426
eye,-0.08232412487268448, -0.09607551991939545, 0.43822169303894043, 137.31414379843883, 28.996057334681158, -160.98916655722604
hand,-0.18905678289692768, 0.09827401484662827, 0.15879585058701431, -14.729288368923552, 0.8910196224533359, -138.0493530843242
eye,-0.05992523580789566, -0.09153129160404205, 0.4013431668281555, -178.01265792429461, 26.04989824509358, -179.90256329881453
hand,-0.1861406664331778, 0.06665854852942972, 0.1630868980539822, -6.862336028428813, 3.3394005638964077, 148.82350542716935
eye,-0.06528719514608383, -0.06676525622606277, 0.40626129508018494, -150.15141858505203, 29.976299443866775, -99.07304882539627
hand,-0.11021384233077228, 0.050336802819957206, 0.17371400615414623, -6.3422753165725245, -22.593391659765718, 178.07750507359012
eye,0.005576995201408863, -0.04883361980319023, 0.43022778630256653, -171.62038837723887, 17.208122866361347, -129.63887661376543
hand,-0.10372651751436873, 0.0730928914786813, 0.17467619041618346, -9.322367001888301, -22.70507464456438, 166.71051667872507
eye,0.01534214150160551, -0.06932872533798218, 0.4280356168746948, -176.0185924477787, 17.69663256731219, -120.93028994910684
hand,-0.13500857241237432, 0.08979264059765649, 0.19554583553119986, -7.587350276644163, -33.46786593644174, 163.73698486313188
eye,-0.020125672221183777, -0.09254413098096848, 0.4117850065231323, -165.77837617629402, 19.959898694509096, -113.61816180553392
hand,-0.1567758546207388, 0.09223139819979563, 0.18772874396004222, -14.652525555181708, -50.31077686738232, 134.98044277911671
eye,-0.040199585258960724, -0.08733740448951721, 0.4053215980529785, -157.98633857407626, 39.306040596142104, -77.26836658163522
hand,-0.17817210876633235, 0.15171521933107576, 0.19263006991679246, 25.849309461402544, 32.08306977839897, -69.54001375568559
eye,-0.05928448960185051, -0.15230542421340942, 0.4024697542190552, -174.49038613850158, -40.151036375187324, 116.65629856544597
hand,-0.08788910908041035, 0.14942520660646358, 0.16686834444070617, 39.505534128883866, 23.26171006700969, -56.81007956330273
eye,0.022836880758404732, -0.16175532341003418, 0.42508992552757263, -161.99519449554938, -40.94457505317494, 108.38654034513931
hand,-0.17387656391039233, 0.06388632013425953, 0.21283439658271497, 20.370282470244252, 36.398698271001706, -47.04488315300044
eye,-0.059049300849437714, -0.06348657608032227, 0.35281434655189514, 155.17961514420023, 15.876005448675395, 88.11742628650967
hand,-0.1949887610263515, -0.0029183398442132868, 0.2140858197079154, 20.208312895202322, 36.277584298850535, -49.25684442078706
eye,-0.08326144516468048, -0.006601938512176275, 0.3493512272834778, 175.17396376619322, -34.94756290232882, 101.9669079967583
hand,-0.16767577739717643, -0.023848685393416207, 0.15419136875886755, 17.390142843346133, 1.9355160914250484, -25.461056726227923
eye,-0.05914337560534477, 0.019325025379657745, 0.4455558657646179, 157.7548531894229, 8.992007932277666, 67.94938539415337
hand,-0.16764042371589663, -0.02390294079228858, 0.15417884864540632, -7.10050501265209, 16.10441329816268, -133.21089941829217
eye,-0.053858257830142975, 0.021791797131299973, 0.4378606677055359, -165.89392934882395, 26.256468793977326, 177.5488343433282
hand,-0.20653981508630465, 0.048874554552963134, 0.14278066032805922, -19.34860205165424, 1.6603971912779028, 112.95018062658912
eye,-0.08225665241479874, -0.0499885231256485, 0.43661248683929443, -133.15689347233294, -1.144449832737283, -74.39307039254159
hand,-0.18829460693158434, 0.032647714408097286, 0.10624359130927591, -29.601972471797904, 4.877997809687146, 108.36979631402825
eye,-0.06503691524267197, -0.03923344984650612, 0.4840379059314728, 144.71402796354667, 11.210349186206228, -68.24856077601669
hand,-0.18632154354356703, 0.027924600272220677, 0.10747220468839856, -29.190021321176403, 5.772621316986947, 110.33019964345048
eye,-0.06376861780881882, -0.03168550133705139, 0.48925653100013733, -129.58625398425096, -6.2828763206574445, -73.3635242312644
hand,-0.14523785916251594, -0.05805280586114337, 0.13247180402250203, 5.141051271164742, 19.181176309862337, -163.21416017990535
eye,-0.03493841364979744, 0.058209728449583054, 0.4759163558483124, 173.12504919450885, -25.98292705650162, -150.12952609219218
hand,-0.16765938651059747, -0.015768649248000886, 0.11904680918295467, -1.866849231713722, 20.85082938505765, -178.92603293927007
eye,-0.05742331221699715, 0.01082305796444416, 0.5020657777786255, 172.03439095478095, -17.211823831171866, -135.81895774478735
hand,-0.16866413581222958, -0.0067425741099751985, 0.11810911321519225, 5.141051271164742, 19.181176309862316, -163.21416017990535
eye,-0.05142122134566307, 0.010508541949093342, 0.49862655997276306, 177.9923389195157, -22.623609850361213, -152.95915057253194
hand,-0.20037025026516123, 0.09587813337179515, 0.09710647979058737, -7.040010607100082, 20.910314989999115, 169.77300419047512
eye,-0.07331256568431854, -0.09384926408529282, 0.5053592324256897, -161.8227154974239, 45.34275021198722, -125.83709828989902
hand,-0.19242950023624172, 0.05838642906856916, 0.13134823253578787, -2.5152241012160954, 14.50983518181477, -174.6786179396981
eye,-0.07588090747594833, -0.06834884732961655, 0.4993877708911896, 179.48342976818427, -13.545550883995386, -142.1387508201732
hand,-0.19242950023624172, 0.05838642906856916, 0.13134823253578787, -2.5152241012160954, 14.50983518181477, -174.6786179396981
eye,-0.06599587202072144, -0.056440889835357666, 0.4429890215396881, -163.41001340015035, 40.42484104692471, -139.2685901211447
hand,-0.20284443736394403, 0.06375343865699659, 0.11297976955231388, -42.423598333574795, -18.37944475074074, 171.0330153701641
eye,-0.08018263429403305, -0.06388998031616211, 0.5264960527420044, 158.52796005907197, 22.789257760545457, -127.04145447616065
hand,-0.21625998307488017, 0.15388188733988142, 0.11334778839189413, -15.788723018910702, -33.502088398192676, 111.18258694203911
eye,-0.07648072391748428, -0.13557976484298706, 0.45118972659111023, -178.42845812214446, 40.51276718478423, -63.13589526652278
hand,-0.14201393706927015, 0.09276428735706076, 0.17196637575187385, 0.8759928518777246, -31.377097050905366, 139.35802676573036
eye,-0.021482136100530624, -0.09258921444416046, 0.4285351037979126, -162.28006400242904, 18.76095441232998, -91.94571481721385
hand,-0.15000977611876412, 0.09290842199583607, 0.22751975317763012, 20.501202657001215, -46.39258726131378, 126.85858792716421
eye,-0.03326903656125069, -0.09156493097543716, 0.35786712169647217, -138.0469989083636, 22.688532105268166, -82.96217001430394
hand,-0.1367204684734863, 0.03825264449649459, 0.1442589350649015, -2.3094147080581555, -20.630571634918418, 153.13461967817105
eye,-0.019705841317772865, -0.03756745904684067, 0.46366599202156067, -172.12352205934337, 14.792811844583222, -106.3742346527202
hand,-0.11065758751539764, 0.01572112495989536, 0.13233288218957806, -2.1423993006329116, -11.39145990617651, 160.84241112186132
eye,0.010733315721154213, -0.009681403636932373, 0.47265708446502686, 175.66196217164304, -9.422857107766603, -115.53313553876316
hand,-0.13777534696887114, 0.0170927415817883, 0.25715866036043367, 27.854983467929717, -59.769606136118256, 141.04454610620664
eye,-0.03420036658644676, -0.025023719295859337, 0.346577912569046, -131.18054574716666, 23.91351586155717, -97.91629901988642
hand,-0.2401789790895645, 0.13490157832795588, 0.20925061535392214, 12.573007041594453, -38.785681856853415, 85.60828034391541
eye,-0.11845119297504425, -0.13663245737552643, 0.3899916112422943, -157.29271424000245, 26.928211822141762, -41.50246664030692
hand,-0.23915313238204633, 0.14113721317028105, 0.10476554767890922, -17.809228908040478, -40.073189655610456, 94.43418204835199
eye,-0.10668553411960602, -0.13756868243217468, 0.49347561597824097, -141.90589609825315, -27.578030882361524, -68.91870612757283
hand,-0.11537405999082008, 0.008862633484699093, 0.15254348573504706, -3.7373274481851353, -21.326483315824515, 149.67404401620072
eye,-0.0032031983137130737, -0.0062270318157970905, 0.4533015489578247, -174.81241467704575, 19.136652037696066, -101.15249080731101
hand,-0.1555440788632213, 0.027437385238703094, 0.13720459092652817, -13.782701349751093, -30.11238334710687, 120.15838579949708
eye,-0.0352691113948822, -0.020295027643442154, 0.461916446685791, -175.4820185724049, 29.237413465296488, -71.8940456960153
hand,-0.12029202265241762, 0.0095110721636251, 0.15067667826481362, -5.089876217783537, -22.08091938697557, 146.303419721664
eye,-0.009412458166480064, -0.007503440137952566, 0.45914167165756226, -173.75605069370462, 16.51453427492678, -96.78375387183645
hand,-0.18038370889074012, 0.10858968319514631, 0.19968496841062544, 9.823609185536315, -39.04477265972271, 104.46333229548864
eye,-0.06151663884520531, -0.10492051392793655, 0.3950191140174866, -176.8954671910262, 25.392268504079876, -63.47614548792036
hand,-0.18287532546994345, 0.14504890778138274, 0.1997158821896194, 9.736691201713711, -39.19622656807562, 121.46906360689697
eye,-0.06239543855190277, -0.14953996241092682, 0.4122609496116638, -158.52849292117742, 15.258469394021166, -76.96515653789835
hand,-0.13146574955142995, -0.0021514079441099965, 0.20216401641656356, 7.230605726837191, -31.091390790993543, 127.17981499392184
eye,-0.027633724734187126, -0.0006160262855701149, 0.3993297517299652, -159.93065761857758, 13.419865634414718, -80.85635813018564
hand,-0.1222054689417271, -0.002318450225350724, 0.1690082149811682, -5.2909951961378745, -21.27388358183143, 132.74285612589986
eye,-0.012693305499851704, 0.005235553719103336, 0.4407494068145752, -176.7896977941298, 12.23079372208727, -85.83963660587331
hand,-0.20891231572458135, 0.11781914266567778, 0.1462953465066137, -10.021758965875689, -32.28050309182473, 87.2551637078814
eye,-0.08234311640262604, -0.11312973499298096, 0.43370652198791504, -171.87011855467065, 33.84253244735842, -39.327635602217406

指令: r 记录,c 计算,s  保存,q  退出:c

算法                                   x            y             z         rx          ry        rz  四元数姿态(w,x,y,z)                                                                              距离
---------------------------  -----------  -----------  ------------  ---------  ----------  --------  -----------------------------------------------------------------------------------------  ----------
end_link->marker:Tsai-Lenz   -0.00639413  -0.00927523   0.000961979   0.3834     0.0724275  -21.0119  [0.9832299135478769, 0.003404946778235978, 1.1387134432272461e-05, -0.18233854039232783]   0.0113066
end_link->marker:Park        -0.00230039  -0.00738875  -0.0006494    -0.147649  -0.940017   -30.3913  [0.9650003352475074, -0.003393554276693795, -0.00757856655232636, -0.2621171533695975]     0.00776576
end_link->marker:Horaud      -0.00272043  -0.00764185  -0.000140676   0.419983  -0.611893   -29.3262  [0.9674155856602777, 0.0021939467594839297, -0.0060935358579048415, -0.25311092437891125]  0.00811285
end_link->marker:Daniilidis  -0.00148849  -0.0023062    0.000341003   0.553413  -0.898581   -32.2895  [0.9605321183133774, 0.002458389695560054, -0.00887503174289117, -0.2780166178847651]      0.00276594

算法               x             y            z         rx         ry         rz         距离
------  ------------  ------------  -----------  ---------  ---------  ---------  -----------
mean    -0.00322586   -0.00665301   0.000128226  0.302287   -0.594516  -28.2547   0.0074878
var      3.54209e-06   6.82248e-06  3.54357e-07  0.0714846   0.164236   18.6128   9.33686e-06
std      0.00188204    0.00261199   0.000595279  0.267366    0.40526     4.31425  0.00305563
Tsai-Lenz                      x             y          z         rx           ry         rz  四元数姿态(w,x,y,z)                                                                            距离
-------------------  -----------  ------------  ---------  ---------  -----------  ---------  -----------------------------------------------------------------------------------------  --------
base_link->camera0   -0.113212    -0.0567064    0.596056   -2.9883    -0.0783168    0.303794  [0.08153954219104112, -0.9843744436189257, -0.15371699867222335, -0.02700633496811164]     0.609357
base_link->camera1   -0.0461054    0.0426849    0.598262    3.11527    0.115149     0.29046   [0.021327869874754907, 0.9876379592751687, 0.1452171132972126, -0.05503065846426129]       0.601552
base_link->camera2   -0.0130992    0.0727348    0.553584    3.13625    0.163647     0.298009  [0.014764322344129818, 0.9855748476639326, 0.14817232929049748, -0.08043130777603351]      0.558495
base_link->camera3   -0.12412      0.084055     0.605207    3.03555   -0.0190497    0.323536  [0.05077177450361118, 0.9855936293209585, 0.16033152576299384, 0.017922795602410214]       0.623495
base_link->camera4   -0.105934     0.041352     0.6251      3.12961   -0.0351327    0.279976  [0.0034815614932621184, 0.9900617884852233, 0.13940311466699543, 0.018229243872143825]     0.635359
base_link->camera5   -0.0591398    0.0255045    0.612657   -3.09619    0.12561      0.302385  [0.01294571496572287, -0.9866034059684273, -0.14887322809608844, 0.06544379078090634]      0.616033
base_link->camera6   -0.199041    -0.0173145    0.588364   -3.06742   -0.20081      0.282745  [0.050634445175041065, -0.9838365650946228, -0.14377507237072856, -0.09397071197677298]    0.621361
base_link->camera7   -0.221819    -0.00798787   0.577912   -3.10035   -0.286212     0.246363  [0.037774895599576745, -0.9817077539990121, -0.12450706546068352, -0.13899976133441885]    0.619071
base_link->camera8   -0.102707    -0.0624584    0.585059   -2.94818   -0.0572834    0.251845  [0.09932930291507285, -0.9866947521566599, -0.1276953504009944, -0.016157138820972063]     0.59728
base_link->camera9   -0.278136     0.0954058    0.602712    2.93978   -0.386533     0.18524   [0.08076271317413983, 0.9739944848306642, 0.07103936365332553, 0.19941297974788694]        0.670614
base_link->camera10   0.08281     -0.0977247    0.514802   -2.71236    0.207391     0.429647  [0.18540147176475544, -0.9541709102202819, -0.1856274295977759, 0.1439674467988646]        0.530498
base_link->camera11  -0.027196    -0.0186109    0.596405   -3.03876    0.087236     0.335223  [0.043360591415306037, -0.9841203629080633, -0.16423918717388336, 0.05150203703038037]     0.597315
base_link->camera12  -0.00399602   0.00499819   0.604016   -3.05744    0.179712     0.347294  [0.02577619181361323, -0.9807713795154833, -0.16820820769500416, 0.09554626064330217]      0.60405
base_link->camera13  -0.108269     0.0283786    0.633772    3.13181   -0.00672167   0.310859  [0.004312318248606743, 0.9879302429864746, 0.15478569968928435, 0.004077508517030305]      0.643579
base_link->camera14  -0.130538     0.0521565    0.647781    3.08448   -0.0393898    0.248699  [0.025882951257833096, 0.9917514598820234, 0.12339653852998733, 0.023073988274183187]      0.662858
base_link->camera15  -0.133212     0.0290154    0.63936     3.11862   -0.0529451    0.288861  [0.00755365813301984, 0.9892197780371245, 0.1435682327105262, 0.027844847734690984]        0.653735
base_link->camera16  -0.126009     0.0530639    0.641826    3.07744   -0.0351144    0.23663   [0.029772643171775134, 0.9924115767543318, 0.1174009970500936, 0.02120985464804126]        0.656227
base_link->camera17  -0.0724663    0.0416636    0.615809    3.1096     0.047004     0.297792  [0.01930210817644739, 0.9884800556979886, 0.14865829606540643, -0.020864302484777407]      0.621457
base_link->camera18  -0.128785     0.0431762    0.632717    3.08678   -0.0457049    0.233415  [0.024552073210133234, 0.9926380754583938, 0.11574643416470605, 0.02587682031269921]       0.647132
base_link->camera19  -0.0907059    0.0857965    0.634553    3.02544    0.0388932    0.255142  [0.06002952687127841, 0.9898708491677254, 0.12810627829843813, -0.011871787232753287]      0.646719
base_link->camera20  -0.0492895   -0.000271387  0.613256   -3.08696    0.0580374    0.337676  [0.022038964853643993, -0.9851312342270616, -0.167122385538101, 0.03317896367430109]       0.615234
base_link->camera21  -0.466444    -0.220734     0.2652     -2.4843    -0.817575    -0.200553  [0.25701781738886437, -0.8769738585428927, -0.04070925775722395, -0.40398199131880935]     0.580194
base_link->camera22  -0.621073     0.299475     0.0477891   1.72283   -1.38124      0.934349  [0.23061909573746178, 0.7090895163281701, -0.10705165250967708, 0.657682928324633]         0.691159
base_link->camera23  -0.33581     -0.111385     0.503134   -2.97436   -0.494015     0.138131  [0.0976072311741637, -0.9625476011529043, -0.08705452642062467, -0.23747937461384663]      0.615077
base_link->camera24  -0.0855694    0.0449163    0.619282    3.09596    0.0131831    0.272152  [0.02349596000883953, 0.9904562001246213, 0.13576694074491075, -0.003434137260937014]      0.626778
base_link->camera25  -0.0485847    0.0181394    0.618326   -3.12632    0.0613238    0.339742  [0.002339220581758679, -0.9851541736310822, -0.16874006381256562, 0.031505127977219716]    0.620497
base_link->camera26   0.162529    -0.252174     0.415991   -2.35913    0.246995     0.548716  [0.33341667208158154, -0.895814848251759, -0.20333363523418369, 0.2121426718323606]        0.51289
base_link->camera27  -0.158423     0.0114845    0.596029    3.11526   -0.0709053    0.36242   [0.006554604835973657, 0.9830071648365165, 0.17963198874385122, 0.03723304520780795]       0.616831
base_link->camera28  -0.15885     -0.0132955    0.602814    3.1113    -0.0981924    0.469779  [0.003290345394392979, 0.9714297676609287, 0.23170554027939172, 0.0512437579930964]        0.623534
base_link->camera29  -0.204862    -0.00574792   0.587964    3.11058   -0.16187      0.378651  [3.659458248593596e-05, -0.9790346361715255, -0.1863271258789484, -0.08230055892286293]    0.622658
base_link->camera30  -0.0695072   -0.0689479    0.604725   -2.95429    0.0217879    0.369977  [0.08992063125155901, -0.9787601513347924, -0.1821170333660395, 0.027860947442043524]      0.612599
base_link->camera31  -0.085319    -0.0755868    0.601487   -2.94536   -0.00711456   0.354197  [0.0970501067440156, -0.9795570425159434, -0.17566895470853067, 0.013773002214684313]      0.612192
base_link->camera32  -0.178184    -0.0191873    0.593647   -3.07117   -0.175234     0.274802  [0.04671784780103716, -0.9857419431471073, -0.13941049406199243, -0.0818228474375914]      0.620108
base_link->camera33  -0.0707465   -0.0638443    0.608529   -2.96343    0.0177108    0.374097  [0.08576856940725783, -0.9787695425101429, -0.18444084037991473, 0.025209354538917185]     0.615945
base_link->camera34  -0.101133    -0.0681664    0.575071   -2.93292   -0.085218     0.31315   [0.10938520980836657, -0.980812245055821, -0.15932919140302634, -0.02562078434782712]      0.587862
base_link->camera35  -0.0783256   -0.0999649    0.576192   -2.8586    -0.0489245    0.322099  [0.14303907937782445, -0.976349752088682, -0.16210893195854426, -0.001295201286917647]     0.590021
base_link->camera36  -0.137665    -0.0554012    0.572628   -2.96023   -0.145265     0.272096  [0.09928469407954313, -0.9831962990346879, -0.14122611392192583, -0.05935294291385669]     0.591544
base_link->camera37  -0.0861172   -0.104065     0.573754   -2.85457   -0.0595446    0.309017  [0.14578460562718218, -0.9768414195506574, -0.15645165865677343, -0.007111140269184603]    0.58944
base_link->camera38  -0.461237     0.101977     0.536681    2.63472   -0.744396     0.517449  [0.13571904629301432, 0.8950891931868056, 0.14257005789438332, 0.40008680971196786]        0.714958
base_link->camera39  -0.192376    -0.0215729    0.582984   -3.07972   -0.267403     0.310833  [0.05091074932887909, -0.9780231772012383, -0.15741028683111552, -0.1268887783049121]      0.614284
base_link->camera40  -0.0892687   -0.105157     0.582148   -2.88524   -0.0729449    0.353055  [0.1321088445090119, -0.974915420894464, -0.17864413163554763, -0.013170024177846745]      0.598267
base_link->camera41  -0.174276    -0.00655739   0.583501   -3.06428   -0.182355     0.257016  [0.04982653190719523, -0.9864459711578827, -0.13101676388659575, -0.0853010567646543]      0.609006
base_link->camera42  -0.208273    -0.105427     0.518185   -2.84952   -0.362129     0.250968  [0.16431248650798508, -0.9622504277804778, -0.14779733610301937, -0.1588441640561647]      0.568338
base_link->camera43  -0.414424     0.0645508    0.507445    2.71691   -0.720484     0.491162  [0.1075284071922248, 0.9054074668888119, 0.1503445502263014, 0.3821929836691653]           0.658343
base_link->camera44  -0.0646834   -0.040587     0.592685   -3.00519    0.00151862   0.414899  [0.06653359831515848, -0.9762946763512528, -0.20543514052367512, 0.014777965403182847]     0.597584
base_link->camera45  -0.0594715   -0.039551     0.589965   -3.01098    0.01012      0.377453  [0.06315089445508279, -0.9801996584920301, -0.1868814490156504, 0.017202268322566664]      0.594272
base_link->camera46  -0.0359006   -0.0790407    0.567347   -2.87815   -0.00158881   0.375668  [0.12917791727539912, -0.9738808405887887, -0.18521615893821858, 0.023751810260205675]     0.57395
base_link->camera47  -0.12025     -0.0638145    0.569673   -2.96175   -0.155173     0.284071  [0.09955373725308084, -0.9819793614393549, -0.14745233560060447, -0.06374477101714306]     0.585713
base_link->camera48  -0.117821     0.041693     0.606537    3.08768   -0.0689924    0.326364  [0.020978341862048482, 0.9859210565220736, 0.1613858799901891, 0.03839501554771657]        0.61928
base_link->camera49  -0.130515     0.0240545    0.600613    3.00546   -0.135552     0.433484  [0.05173870325762091, 0.9730954350601414, 0.20956013340453322, 0.08057872757625437]        0.615101
base_link->camera50  -0.19404     -0.277054     0.343629   -2.07753   -0.345066    -0.075184  [0.49383960612033984, -0.8516571160718093, -0.05512064038799824, -0.16662627366166885]     0.482174
base_link->camera51  -0.160788    -0.0241395    0.571766   -3.06041   -0.136249     0.359773  [0.05200399081689762, -0.9802789560552179, -0.18107382706842906, -0.05967430272069237]     0.594434
base_link->camera52  -0.248525    -0.276093     0.521936   -2.57867   -0.490161     0.250581  [0.29647410839743565, -0.9162175796345986, -0.18332406492061454, -0.19758728967078307]     0.640632
base_link->camera53  -0.301823    -0.260183     0.500099   -2.55827   -0.59888      0.156963  [0.2960551145026411, -0.9056810292523964, -0.15630930557263123, -0.26011659581916263]      0.639446
base_link->camera54  -0.54948     -0.0313834    0.409872    2.80002   -1.11324      0.494501  [0.012496217149444112, 0.8332248999867827, 0.1177098165563607, 0.5401152744417047]         0.686228
base_link->camera55  -0.0533756    0.0664541    0.584258    3.08959    0.136391     0.393189  [0.03874407897304165, 0.9777810827266563, 0.19654795418406823, -0.061741009972914755]      0.590442
base_link->camera56  -0.637991    -0.0688185    0.2659      2.32116   -1.31355      0.997625  [0.009505448546881729, 0.7542517553632556, 0.13360292679083208, 0.6427784952316727]        0.694601
base_link->camera57  -0.0771615    0.0509059    0.600755    3.12496    0.132929     0.390808  [0.021034920133639994, 0.9786622440687767, 0.19426945468604592, -0.0635383596359232]       0.607825
base_link->camera58  -0.130437     0.0224392    0.626126    3.13554   -0.0332461    0.407767  [0.0004027060119979862, -0.9791580423861282, -0.20239583898314037, -0.01689053642557298]   0.639962
base_link->camera59  -0.0969542    0.0304015    0.616281   -3.11934    0.0445662    0.376128  [0.006759817168549549, -0.9821096825302834, -0.18665608950771354, 0.02396623879130774]     0.624601
base_link->camera60  -0.632143     0.108136     0.379271    2.3895    -1.05351      0.673119  [0.14522904371860956, 0.8199011632787457, 0.09126087182440457, 0.5462069759611162]         0.74508
base_link->camera61  -0.0989204   -0.0216258    0.628162   -3.04295   -0.0597986    0.401359  [0.05424271131821167, -0.9780084508150749, -0.20044809167609867, -0.019436073331735294]    0.636271
base_link->camera62  -0.51499     -0.0019214    0.436932    2.80457   -0.965863     0.492708  [0.03240606475527367, 0.8657257617576046, 0.1373896692989215, 0.4802008237875328]          0.675372
base_link->camera63  -0.080067    -0.0919748    0.616588   -2.89724   -0.0541369    0.341783  [0.12462136561394048, -0.9771686845778199, -0.17198188558800812, -0.005753967549697301]    0.628531
base_link->camera64  -0.0959776    0.0840915    0.572493    3.0665     0.00377186   0.370279  [0.03724456517014656, 0.9822030257179312, 0.18402303054929917, 0.005057950501879868]       0.586542
base_link->camera65  -0.0733091   -0.060042     0.575475   -2.96483   -0.0588238    0.371381  [0.09211908356014518, -0.978070436673466, -0.18637606686439065, -0.012500281979809662]     0.583225
base_link->camera66  -0.0911368   -0.0654564    0.551331   -2.91641   -0.0942954    0.287181  [0.11777764461952747, -0.9815911967508896, -0.1472741399507203, -0.030289876044783188]     0.562633
base_link->camera67  -0.0779579   -0.0240968    0.601319   -3.0461    -0.0049694    0.414721  [0.04721731976064285, -0.9774350604536101, -0.20575836043497697, 0.007397595675561536]     0.60683
base_link->camera68   0.055559    -0.0571218    0.571271   -2.86047    0.260808     0.455787  [0.10622737324373434, -0.9604635625858514, -0.20405232712183236, 0.15680605190742952]      0.576802
base_link->camera69  -0.0328623   -0.105212     0.558805   -2.75821    0.0696004    0.306315  [0.1829625903409495, -0.970616373611521, -0.14312316649962642, 0.06280370231180991]        0.569572
base_link->camera70  -0.0617903    0.0085495    0.580359   -3.03875   -0.0178222    0.383493  [0.052150971980302024, -0.9802490813410456, -0.190763973551568, 0.0010587947688584947]     0.583702
base_link->camera71  -0.538132    -0.27974      0.189102   -1.86665   -0.807557    -0.76542   [0.38980593174457157, -0.7728417601974858, 0.05903904858369402, -0.4972739084387302]       0.635295
base_link->camera72  -0.0917236   -0.00434595   0.604482   -3.10701    0.00230522   0.45156   [0.016593915706883, -0.9744779219935803, -0.22381349685762114, 0.004994009706650643]       0.611417
base_link->camera73  -0.136377    -0.0114505    0.598862   -3.10422   -0.0891802    0.368475  [0.026517411186080347, -0.9817749808213541, -0.18380180024918102, -0.04039321926237515]    0.6143
base_link->camera74  -0.0869948   -0.0370838    0.605866   -3.03699   -0.0243971    0.45346   [0.05367295786669516, -0.9728585785607126, -0.22508972759004559, -0.00011936544270765698]  0.613202
base_link->camera75   0.0492396   -0.0153393    0.523525   -2.85538    0.213518     0.500263  [0.11128587309761682, -0.9572778495513004, -0.2288823369881282, 0.13728601174989447]       0.526059
base_link->camera76  -0.0246344   -0.0848422    0.5431     -2.83083   -0.0189327    0.364833  [0.15387844613167936, -0.9712514272820939, -0.18065381373454267, 0.018875603348250374]     0.550239
base_link->camera77  -0.0811081   -0.0787825    0.589283   -2.92297   -0.0523991    0.388518  [0.11203390679130361, -0.9744481112433133, -0.19462541342322923, -0.004497852071132444]    0.600033
base_link->camera78  -0.0750621   -0.0578418    0.604179   -2.97797   -0.00780457   0.424945  [0.08070165841591298, -0.9741683942133181, -0.21048228230282306, 0.013430967253377538]     0.611566
base_link->camera79  -0.104051     0.049271     0.586244    3.09184   -0.0318815    0.361462  [0.02160305445107172, 0.9833544611966679, 0.17928032362790697, 0.020146395282229706]       0.597442
mean                 -0.151082    -0.0261163    0.55596    -0.706521  -0.157648     0.338865  0.6128038126644508
var                   0.0252602    0.00881809   0.0105564   8.08506    0.117345     0.038667  0.001705571444884442
std                   0.158934     0.0939047    0.102744    2.84342    0.342557     0.196639  0.041298564683102994
Park                           x             y           z        rx           ry           rz  四元数姿态(w,x,y,z)                                                                           距离
-------------------  -----------  ------------  ----------  --------  -----------  -----------  ----------------------------------------------------------------------------------------  --------
base_link->camera0   -0.0974375   -0.0388965    0.599137    -3.01968   0.0101819    0.169155    [0.06027168806996048, -0.9945880869364455, -0.08400967968786147, 0.01020953769969849]     0.608253
base_link->camera1   -0.0518074    0.0013725    0.59125     -3.10202   0.113468     0.146527    [0.015552079069219415, -0.9955999759270335, -0.0719470001447172, 0.05798663588182212]     0.593517
base_link->camera2   -0.0279415    0.0155175    0.540195    -3.06721   0.155773     0.165872    [0.03049970292570356, -0.9930942587090679, -0.07964947064426803, 0.08055757733831502]     0.54114
base_link->camera3   -0.104673     0.0737171    0.600847     3.04732   0.0286332    0.166077    [0.04813774134188893, 0.9952894603854561, 0.08351447101290076, -0.010343163711580767]     0.614335
base_link->camera4   -0.0898286    0.00227857   0.610452    -3.08633   0.0220242    0.140095    [0.026788392696940368, -0.9971276956811219, -0.0696560277818904, 0.012914267924230772]    0.61703
base_link->camera5   -0.0426081   -0.00506715   0.607028    -3.0659    0.155473     0.147159    [0.03191742574787784, -0.9937864288681452, -0.0703079465487859, 0.08016610495228593]      0.608543
base_link->camera6   -0.189041    -0.0078265    0.588315    -3.0824   -0.153818     0.127913    [0.03435258417436623, -0.9944244313638566, -0.06596512041087209, -0.07475662617047765]    0.61799
base_link->camera7   -0.216962     0.00369217   0.580259    -3.10796  -0.231076     0.0929719   [0.022039289995153373, -0.9920295020131316, -0.0480890347392495, -0.11436424952726638]    0.619505
base_link->camera8   -0.0958054   -0.0362649    0.593795    -3.01045   0.0255324    0.12438     [0.06459905647120713, -0.9958928792740384, -0.0611765902648468, 0.016785699802587237]     0.602567
base_link->camera9   -0.260262     0.100775     0.60791      2.97929  -0.315632     0.0273264   [0.07790828838865088, 0.9844048895634091, 0.0007096926306958962, 0.1577238356760733]      0.668914
base_link->camera10   0.0798883   -0.117534     0.499912    -2.69859   0.303494     0.299642    [0.1927275875798512, -0.9585115977882487, -0.11110246873645574, 0.1782353369333202]       0.519719
base_link->camera11  -0.0161852   -0.0485793    0.583583    -2.97817   0.144268     0.199549    [0.07384768457257951, -0.9897137595766533, -0.09316531651581267, 0.07958277066315235]     0.585825
base_link->camera12   0.00619455  -0.014769     0.597023    -3.03491   0.226488     0.195156    [0.0417285832147584, -0.9880487495066279, -0.09066547400229466, 0.11746559396358144]      0.597238
base_link->camera13  -0.0746441   -0.000829092  0.626059    -3.08592   0.0627599    0.178064    [0.02491924981418908, -0.9952408922798917, -0.0879665102135192, 0.033711873330889805]     0.630494
base_link->camera14  -0.0867244   -0.00133275   0.635943    -3.09008   0.0347128    0.148699    [0.024388461805507848, -0.9967896648338851, -0.0737995417165523, 0.019214438673545872]    0.641831
base_link->camera15  -0.0937612   -0.0112431    0.62996     -3.07464   0.0208662    0.170352    [0.03246167968824903, -0.9957919127863016, -0.08467288226230946, 0.013236645746162958]    0.636999
base_link->camera16  -0.0852538   -0.00492783   0.628288    -3.08859   0.034408     0.143432    [0.025192931737848166, -0.9969644264865679, -0.07116387994573661, 0.019051265097882047]   0.634065
base_link->camera17  -0.0481581   -0.00823848   0.602383    -3.06953   0.0954121    0.186376    [0.03138960928403379, -0.9940427686277568, -0.09117672501978166, 0.05079834035209254]     0.604361
base_link->camera18  -0.0907288   -0.0109407    0.619983    -3.07951   0.024265     0.139002    [0.030115821584851505, -0.9970579826413166, -0.06903109867914349, 0.01425215621047525]    0.626682
base_link->camera19  -0.065628     0.0304482    0.624631     3.13196   0.0804307    0.142317    [0.007658926091677836, 0.9966374970575065, 0.07123322311091568, -0.03976013374350524]     0.628807
base_link->camera20  -0.0276099   -0.0348739    0.599816    -3.0143    0.120882     0.209833    [0.05682462460363402, -0.9910777826921251, -0.10050055602702027, 0.06659901599105231]     0.601463
base_link->camera21  -0.48982     -0.194087     0.269166    -2.41438  -0.706486    -0.360017    [0.270408677586288, -0.8847715148893557, 0.0359551688964771, -0.3778435381954486]         0.591645
base_link->camera22  -0.611304     0.357215     0.0673653    2.46651  -1.43247      0.0952872   [0.22000606428286706, 0.7212674877823049, -0.1832850124829828, 0.6306957641732487]        0.711219
base_link->camera23  -0.336311    -0.103201     0.506989    -2.90266  -0.412265    -0.0213548   [0.1144807616009579, -0.9720583742465227, -0.014015272613149332, -0.20445108073583548]    0.617084
base_link->camera24  -0.0595823    0.0124109    0.608381    -3.11483   0.0831525    0.144832    [0.0103266568014147, -0.9964682315046713, -0.07172908547084145, 0.04241888799550851]      0.611417
base_link->camera25  -0.0234205   -0.0195209    0.603778    -3.04899   0.126106     0.216177    [0.03913148646530372, -0.9914398740885686, -0.10464897228589934, 0.06755956952026809]     0.604547
base_link->camera26   0.144638    -0.275876     0.403212    -2.34424   0.339613     0.417192    [0.3420701799297031, -0.9022163528174009, -0.12392062924702796, 0.23159732804751515]      0.509517
base_link->camera27  -0.127868     0.0287021    0.598578     3.11337   0.00758668   0.217343    [0.01443740196423236, 0.9939891740867586, 0.10849914362247244, -0.00224032498460872]      0.612755
base_link->camera28  -0.133075     0.00872093   0.606369     3.1102   -0.0270058    0.320989    [0.013336259888806446, 0.9869706825744894, 0.15956268547521962, 0.015835571178859947]     0.620861
base_link->camera29  -0.177344     0.0184682    0.593369     3.10643  -0.0871485    0.232102    [0.012401589946322011, 0.9922661563321387, 0.1149021044392841, 0.04529439214815615]       0.61958
base_link->camera30  -0.0676311   -0.0366418    0.611674    -3.02588   0.0852354    0.231617    [0.052470326204724124, -0.9910239018323809, -0.11280478116587192, 0.04892414752464277]    0.616492
base_link->camera31  -0.0843111   -0.0413251    0.609572    -3.0178    0.0552725    0.217925    [0.05846812522112805, -0.991972833767229, -0.10679794819947161, 0.03414049884408207]      0.616761
base_link->camera32  -0.133549    -0.0100062    0.593163    -3.06581  -0.0467114    0.170829    [0.03972379920923072, -0.9952922261712416, -0.08610788070943041, -0.020020918540598488]   0.608094
base_link->camera33  -0.0658144   -0.0322517    0.614598    -3.03165   0.0859767    0.236644    [0.04944568336140097, -0.9908707483620758, -0.11541416424982476, 0.04909027528766217]     0.618953
base_link->camera34  -0.0819031   -0.0372224    0.585273    -2.99787   0.0315266    0.217984    [0.06965249170879691, -0.9915007306351552, -0.1073569337764266, 0.023437583468297593]     0.592147
base_link->camera35  -0.068308    -0.0644777    0.589345    -2.94432   0.0506218    0.222113    [0.09504795154246767, -0.9889682231830534, -0.10777761148712064, 0.035940602441614185]    0.596784
base_link->camera36  -0.111978    -0.0274739    0.580012    -3.01636  -0.0225664    0.181661    [0.06333570425438906, -0.9937986834771881, -0.09122547639377923, -0.0055387491671263075]  0.59136
base_link->camera37  -0.0783218   -0.0667259    0.588578    -2.94498   0.034799     0.209312    [0.09578571660787387, -0.9897555382484924, -0.10224677741952362, 0.02747121234448372]     0.597504
base_link->camera38  -0.453058     0.129571     0.542523     2.6873   -0.727184     0.322759    [0.15206658575560128, 0.9116539627174683, 0.06727028348426856, 0.3758157989203185]        0.718597
base_link->camera39  -0.173695    -0.00794324   0.58644     -3.09155  -0.166516     0.183299    [0.032438330065630704, -0.9918525887517281, -0.09324764723681842, -0.08050511296710594]   0.611674
base_link->camera40  -0.0775413   -0.0664582    0.594718    -2.96503   0.0259273    0.249584    [0.08586439764183285, -0.9884189927010042, -0.12283919059668935, 0.02378514954940213]     0.603423
base_link->camera41  -0.129097    -0.00390301   0.575363    -3.05468  -0.0430506    0.167988    [0.045085055613428814, -0.9952246914319608, -0.08472836080894258, -0.017783593537921857]  0.589681
base_link->camera42  -0.224107    -0.097462     0.521944    -2.86266  -0.3073       0.100158    [0.14479317652697776, -0.9763316055517712, -0.07023746904299799, -0.14449301012284915]    0.576323
base_link->camera43  -0.413062     0.0898535    0.50884      2.77058  -0.722373     0.295729    [0.11949194541315901, 0.9189979076904811, 0.07098704380651771, 0.36895170450007164]       0.661522
base_link->camera44  -0.0703856   -0.0285423    0.595694    -3.03834   0.0464769    0.258845    [0.04816138788970875, -0.990202814352981, -0.12766596462093005, 0.029669321552409502]     0.600516
base_link->camera45  -0.0618524   -0.0303553    0.592268    -3.03191   0.0668274    0.223113    [0.0507291033814129, -0.9919399364051148, -0.10927608364010721, 0.03924867104775933]      0.596262
base_link->camera46  -0.0449296   -0.0682794    0.574094    -2.92227   0.0679078    0.231177    [0.1047578458536403, -0.9872196989732416, -0.11088189252768141, 0.046133129102273275]     0.579884
base_link->camera47  -0.0968568   -0.0508626    0.573067    -2.97457  -0.0343969    0.173552    [0.08457254750023308, -0.9924943030039728, -0.08778164869437649, -0.009845042736120259]   0.583416
base_link->camera48  -0.0846276    0.0194906    0.591417     3.1394    0.0307512    0.204488    [0.0026602834442066266, 0.9946577422540765, 0.10207048301767072, -0.015182725794753408]   0.597759
base_link->camera49  -0.0950736    0.00569488   0.594922     3.08472  -0.0497815    0.30929     [0.024253741996741233, 0.9874698255243016, 0.15322025444568352, 0.028959511490369245]     0.602498
base_link->camera50  -0.214983    -0.269652     0.355973    -2.13223  -0.241711    -0.17687     [0.46880516798921057, -0.8706968335134363, 0.018677694147909207, -0.14751231242713495]    0.495627
base_link->camera51  -0.120384    -0.0198898    0.562242    -3.06118  -0.0207379    0.241976    [0.04115099466250724, -0.9917839683557348, -0.12100261652982852, -0.0054334651717368905]  0.575329
base_link->camera52  -0.266053    -0.261477     0.525143    -2.57402  -0.447153     0.0892464   [0.2822452932280165, -0.9324077322370029, -0.1037757041179696, -0.20045951848216145]      0.64415
base_link->camera53  -0.316277    -0.249168     0.50204     -2.53149  -0.534702    -0.00774779  [0.28869170170408237, -0.9202469002665523, -0.07577872448913692, -0.25310142005094083]    0.643553
base_link->camera54  -0.559431     0.00756089   0.40593      2.95305  -1.13035      0.206476    [0.02412137442736059, 0.8414634723267086, 0.03649853953405724, 0.5385399155564002]        0.69123
base_link->camera55  -0.0533796    0.0076485    0.581821    -3.10203   0.107828     0.269601    [0.01233104678248127, -0.9894380001322525, -0.1331149078552005, 0.05604293431145999]      0.584315
base_link->camera56  -0.649021    -0.0169056    0.258163     2.63707  -1.37835      0.554434    [0.016751291649947802, 0.7622497305581346, 0.05187508745192748, 0.6449835019548675]       0.698686
base_link->camera57  -0.0601724    0.00534627   0.601924    -3.08872   0.12823      0.250009    [0.01818888989046685, -0.9900235904774526, -0.12269924461183049, 0.06683823721771846]     0.604948
base_link->camera58  -0.123095    -0.0216483    0.62298     -3.07281  -0.0394351    0.258087    [0.03662884162299457, -0.9908190961166508, -0.12925684818352204, -0.01511667720110498]    0.635394
base_link->camera59  -0.0903922   -0.0167639    0.612604    -3.05029   0.0410904    0.229233    [0.04297828057099422, -0.9923015493469233, -0.1132910236014139, 0.025605595759531072]     0.619464
base_link->camera60  -0.626707     0.148199     0.386075     2.54581  -1.07666      0.391488    [0.15185466702956715, 0.8343470572648856, 0.012026112333650585, 0.5297740280127965]       0.750852
base_link->camera61  -0.107297    -0.0637208    0.617429    -2.98366  -0.0540584    0.244072    [0.08154734259295617, -0.9888489653305006, -0.12342569334320092, -0.01714213824397929]    0.629914
base_link->camera62  -0.519115     0.0298833    0.439342     2.90885  -0.963097     0.25308     [0.04402709114848015, 0.8800327444984679, 0.05774781704168941, 0.46932842816349546]       0.680731
base_link->camera63  -0.0440273   -0.105859     0.59955     -2.86464   0.0623293    0.229631    [0.13352185279608894, -0.9839215998083246, -0.10913890818166705, 0.04646395352787396]     0.610414
base_link->camera64  -0.070403     0.0588221    0.56008      3.11756   0.079153     0.234749    [0.016554632311263924, 0.9922145645281761, 0.11747724596617658, -0.03788533710293493]     0.567544
base_link->camera65  -0.0781766   -0.0475617    0.580403    -2.99516   0.00672148   0.223803    [0.07232061653523082, -0.9911049329578275, -0.11112380804632746, 0.0114995467696399]      0.587572
base_link->camera66  -0.0944772   -0.0369095    0.565601    -3.00021  -0.0185469    0.171499    [0.07116461770814636, -0.9937383440606793, -0.08607944720144814, -0.0031669385036056197]  0.574624
base_link->camera67  -0.0766501   -0.0183928    0.601251    -3.06222   0.0384227    0.256083    [0.03689367208038177, -0.9909473268249442, -0.12681198742035715, 0.024103366267419178]    0.606396
base_link->camera68   0.0459958   -0.0784513    0.567827    -2.86132   0.28522      0.292394    [0.11628524650114438, -0.9725807568240459, -0.123143792910096, 0.15937383464499427]       0.575063
base_link->camera69  -0.0383927   -0.0712738    0.57484     -2.8842    0.128525     0.204134    [0.12091850650367789, -0.985372421934799, -0.09263988858142033, 0.07640520871570387]      0.580512
base_link->camera70  -0.0479346   -0.00533781   0.568107    -3.02686   0.0737667    0.24707     [0.05232103384695184, -0.9903335930699211, -0.12083659984342951, 0.04359357742471972]     0.570151
base_link->camera71  -0.581987    -0.238422     0.198231    -1.90549  -0.705976    -0.865675    [0.3753983185311963, -0.7782553075387406, 0.13893377335824242, -0.48383074039603063]      0.659431
base_link->camera72  -0.0796243    0.00506902   0.603808    -3.11671   0.0509368    0.293934    [0.008573382856532025, -0.9888688361479014, -0.1460663019651854, 0.027010320844176244]    0.609056
base_link->camera73  -0.10836     -0.0168921    0.596766    -3.06969  -0.0148852    0.223424    [0.03654966848841064, -0.9930671712393345, -0.11167032669127157, -0.0033842690138765094]  0.60676
base_link->camera74  -0.0773935   -0.0299124    0.605467    -3.0416    0.0284416    0.29721     [0.04731737806571551, -0.987748103061032, -0.14715595925001998, 0.021444679748728396]     0.611126
base_link->camera75   0.0551133   -0.0304357    0.511393    -2.85518   0.305362     0.363215    [0.11154989907446393, -0.9660820604330586, -0.1553337901950247, 0.17353237781330919]      0.515254
base_link->camera76  -0.0358066   -0.080938     0.548775    -2.86901   0.0649704    0.227074    [0.1312782341791412, -0.9843286203367183, -0.10779883347990304, 0.047356139171085984]     0.555866
base_link->camera77  -0.0758808   -0.0637412    0.591527    -2.95453   0.0116729    0.240408    [0.09202349269086553, -0.9884933076239959, -0.11884751806357846, 0.016968353652427094]    0.599771
base_link->camera78  -0.0664635   -0.0580646    0.602441    -2.97018   0.0430073    0.268298    [0.08194955400337361, -0.9873956818188471, -0.1314010729123568, 0.03267715045140292]      0.608871
base_link->camera79  -0.0863319    0.0196014    0.576019    -3.12978   0.0221942    0.217931    [0.0046664451043387225, -0.9939976800030415, -0.10867643951225443, 0.011673385695627073]  0.582782
mean                 -0.140953    -0.0278162    0.55464     -1.77463  -0.097959     0.186485    0.6091617571052034
var                   0.0267465    0.00784552   0.00998755   5.57372   0.128982     0.0269834   0.0017691063387164124
std                   0.163544     0.0885749    0.0999377    2.36087   0.359141     0.164266    0.042060745817405716
Horaud                         x             y           z        rx           ry           rz  四元数姿态(w,x,y,z)                                                                            距离
-------------------  -----------  ------------  ----------  --------  -----------  -----------  -----------------------------------------------------------------------------------------  --------
base_link->camera0   -0.103425    -0.0387965    0.600033    -3.02173  -0.00688794   0.182786    [0.059958153916356914, -0.9940140358876722, -0.09130686118707279, 0.0020428747902096283]   0.610116
base_link->camera1   -0.0551056    0.00752611   0.593231    -3.1146    0.104995     0.161066    [0.00921109467649944, -0.995352073681151, -0.0796220772206764, 0.05338286216153781]        0.595833
base_link->camera2   -0.0279159    0.0249334    0.543786    -3.08524   0.15447      0.175832    [0.021206229697701123, -0.9929649515569396, -0.0853409983352966, 0.07929574266420283]      0.545073
base_link->camera3   -0.109435     0.0788105    0.602093     3.03745   0.0193313    0.183089    [0.052711208348401956, 0.9943704626211801, 0.09178970441576455, -0.004854044113735739]     0.617012
base_link->camera4   -0.0928247    0.0113503    0.614006    -3.10274   0.0148696    0.152487    [0.01880273186130334, -0.9968901834712226, -0.07600897037639241, 0.00889133261018335]      0.621087
base_link->camera5   -0.0476894    0.00199029   0.608773    -3.07726   0.146638     0.162102    [0.026042912106724613, -0.9937158332979578, -0.07835476061625059, 0.07557209055409851]     0.610641
base_link->camera6   -0.193022    -0.00554842   0.588896    -3.08874  -0.164062     0.147284    [0.03228870199311082, -0.9934298184533081, -0.07546136906357678, -0.07975097059270142]     0.619748
base_link->camera7   -0.21986      0.00594705   0.580875    -3.11571  -0.241411     0.112616    [0.019602188091769418, -0.990979868312932, -0.05742006377609524, -0.1194888743626271]      0.62112
base_link->camera8   -0.0991286   -0.0360582    0.594546    -3.01082   0.0114178    0.14117     [0.06477425195198833, -0.9953883800968588, -0.07000266152886575, 0.010290599160724641]     0.603831
base_link->camera9   -0.261881     0.104776     0.608672     2.96536  -0.322292     0.0478899   [0.08300826341240837, 0.9832710071350679, 0.009425262365024112, 0.16186080180882542]       0.670851
base_link->camera10   0.0799969   -0.111823     0.504667    -2.70952   0.29343      0.312885    [0.18721844247639852, -0.9593436902442255, -0.1195945096171967, 0.1740864499457823]        0.523061
base_link->camera11  -0.0188694   -0.0407618    0.587033    -2.99409   0.137167     0.210834    [0.06591309191540859, -0.9899452116570111, -0.09966738500451075, 0.07569910566095743]      0.588749
base_link->camera12   0.00286534  -0.00829718   0.59927     -3.04669   0.218524     0.209475    [0.03550731972394293, -0.9880175100870383, -0.09866126972877148, 0.11325450923887082]      0.599335
base_link->camera13  -0.0790572    0.00767212   0.628194    -3.10222   0.0553657    0.189832    [0.01696509218056955, -0.9949762839245321, -0.09417635835664882, 0.029414173483436237]     0.633196
base_link->camera14  -0.0900238    0.0096557    0.638755    -3.10999   0.0303236    0.156197    [0.01456797055817896, -0.996731539518735, -0.07776136632155375, 0.016345711065388083]      0.645139
base_link->camera15  -0.0976831   -0.00149107   0.632489    -3.09312   0.0149256    0.180258    [0.02346510070923404, -0.9956371400857994, -0.08979806318769487, 0.009611564816126019]     0.63999
base_link->camera16  -0.0885058    0.0064754    0.631601    -3.10918   0.0302834    0.149163    [0.015029057558896467, -0.9969931432787574, -0.0742493681110071, 0.016304325166979345]     0.637805
base_link->camera17  -0.0507383    0.00192235   0.605443    -3.08932   0.0920541    0.193591    [0.021538746027322062, -0.9940414801021022, -0.09531241418858394, 0.04830281521335987]     0.607568
base_link->camera18  -0.0937894   -9.07436e-05  0.623275    -3.10008   0.0200515    0.144944    [0.019973627261771577, -0.9971251613938692, -0.07218185506772853, 0.011499849052905898]    0.630292
base_link->camera19  -0.0680137    0.0414556    0.627016     3.11199   0.0776374    0.149534    [0.017647667337553827, 0.9963029309661255, 0.07520577855831939, -0.03759149448063469]      0.632055
base_link->camera20  -0.0311954   -0.0261827    0.60324     -3.03137   0.113906     0.219901    [0.04842752284372998, -0.9911872564568363, -0.10626833615608411, 0.06252710131940724]      0.604613
base_link->camera21  -0.48871     -0.193701     0.27239     -2.43231  -0.721379    -0.339555    [0.26431657300336514, -0.885521195638213, 0.02746329238881512, -0.38109674478063027]       0.592076
base_link->camera22  -0.612129     0.354283     0.0662423    2.3215   -1.42688      0.244786    [0.2258952081311815, 0.7200996161830048, -0.17428079161932641, 0.6324983030720326]         0.710357
base_link->camera23  -0.339538    -0.0995502    0.507764    -2.91817  -0.425908    -0.00530705  [0.1084054605907297, -0.9713772333770526, -0.020983918031295512, -0.21031928531380784]     0.618886
base_link->camera24  -0.0654743    0.0202679    0.611229    -3.13065   0.0718321    0.153833    [0.0026917710356408127, -0.9964005477763905, -0.07659430894677458, 0.03622174204213083]    0.61506
base_link->camera25  -0.0291518   -0.0113552    0.607254    -3.06565   0.115933     0.224392    [0.031178431009748576, -0.9915747665638153, -0.10950663536047553, 0.061771227652633355]    0.608059
base_link->camera26   0.143738    -0.271693     0.40866     -2.35454   0.325285     0.427299    [0.33807561637438366, -0.9038176431020387, -0.13255813192082977, 0.22637775352763023]      0.511351
base_link->camera27  -0.134109     0.0313516    0.598854     3.10486  -0.00411803   0.233823    [0.017997296368672627, 0.9930084481440971, 0.11658812995451266, 0.004186548886599412]      0.614487
base_link->camera28  -0.13893      0.010529     0.606287     3.10142  -0.0373629    0.338511    [0.01665007862067361, 0.9854028429695708, 0.16801514803641174, 0.02179270473611268]        0.62209
base_link->camera29  -0.183417     0.0202542    0.593112     3.09814  -0.0984925    0.249743    [0.015398460339252849, 0.9909101153736022, 0.12330569450951556, 0.05153383714590862]       0.621155
base_link->camera30  -0.0707811   -0.0370117    0.612284    -3.02514   0.0739525    0.250482    [0.053089384729667184, -0.9900778349181206, -0.12248226707807819, 0.04388043167844226]     0.617472
base_link->camera31  -0.0873464   -0.0420001    0.609986    -3.0169    0.0440008    0.236774    [0.05925982059186495, -0.9909932734037469, -0.11649183224787749, 0.02915919668781441]      0.617638
base_link->camera32  -0.139281    -0.00613494   0.595237    -3.07534  -0.0612685    0.184723    [0.035785588555670544, -0.9946309593116416, -0.09314662508602582, -0.027429047843685248]   0.611346
base_link->camera33  -0.0692847   -0.0323747    0.615341    -3.03144   0.0743561    0.255272    [0.049836607748906754, -0.9899377640314264, -0.12497975040720474, 0.04381321559409384]     0.620075
base_link->camera34  -0.085243    -0.0372914    0.58619     -2.99816   0.0160723    0.233552    [0.07023041348788783, -0.9906715609041435, -0.11563546649710615, 0.01630908719286947]      0.593528
base_link->camera35  -0.0710896   -0.0654012    0.589876    -2.94167   0.0359871    0.238363    [0.09694144521601884, -0.9880033962465122, -0.11650390004285796, 0.029639272588759143]     0.597733
base_link->camera36  -0.115819    -0.0270276    0.581151    -3.01787  -0.0382794    0.196949    [0.06338759513283214, -0.9929536180024364, -0.09928682340818927, -0.012932593578196037]    0.593196
base_link->camera37  -0.0809384   -0.0680249    0.588829    -2.94165   0.0204515    0.225668    [0.09802103052824315, -0.9887428171892496, -0.1110127359873681, 0.02134693138243362]       0.598245
base_link->camera38  -0.454472     0.130455     0.54194      2.66924  -0.726614     0.352054    [0.15482935517086663, 0.9092967460377605, 0.07727860667389885, 0.37846441757852917]        0.71921
base_link->camera39  -0.177319    -0.00567168   0.587674    -3.0992   -0.179668     0.200481    [0.02997857392743748, -0.9905551247624255, -0.10153877658147231, -0.08713040090869982]     0.613868
base_link->camera40  -0.0817248   -0.0684093    0.594736    -2.96306   0.00964474   0.264196    [0.08773727559272133, -0.9873860175488796, -0.13076187747145282, 0.01650315789997361]      0.60421
base_link->camera41  -0.134606     6.21211e-06  0.578103    -3.06472  -0.0586621    0.180212    [0.040892174657981124, -0.9946781355733193, -0.09100113728079856, -0.025729937382904026]   0.593567
base_link->camera42  -0.224389    -0.0956793    0.523254    -2.86973  -0.318026     0.120255    [0.14298710974559029, -0.9752190019102934, -0.0802042467552902, -0.14855929308565693]      0.577321
base_link->camera43  -0.411387     0.0897708    0.510236     2.75738  -0.714446     0.322302    [0.12148099861904568, 0.9184339757486248, 0.08166293698437888, 0.36749498484765664]        0.661543
base_link->camera44  -0.0687916   -0.0260756    0.596397    -3.04224   0.0454897    0.28024     [0.045986132114929974, -0.9888795775917976, -0.13833503483679901, 0.029425750826070702]    0.600917
base_link->camera45  -0.0598163   -0.0278117    0.593131    -3.03636   0.0656253    0.244274    [0.04818139359817496, -0.9908535558006726, -0.11988706517089115, 0.03892140635706718]      0.596788
base_link->camera46  -0.0416783   -0.0663664    0.574545    -2.92293   0.0653951    0.252921    [0.10408397369908355, -0.9860144986118278, -0.12176510594751963, 0.04599123742478955]      0.579865
base_link->camera47  -0.0964172   -0.0507       0.573335    -2.97476  -0.0425581    0.193927    [0.08496373339619674, -0.9914456037217291, -0.09821790920495671, -0.013039216987355025]    0.583592
base_link->camera48  -0.0921811    0.0207351    0.594059     3.13412   0.0111002    0.212589    [0.004305990900849616, 0.9943315857039556, 0.10611277131879812, -0.0051220969205598155]    0.601526
base_link->camera49  -0.103081     0.00607963   0.59537      3.07749  -0.0685567    0.318491    [0.026188617839209827, 0.9864345997694834, 0.15731434093836116, 0.03889903351524521]       0.604258
base_link->camera50  -0.215595    -0.271334     0.353031    -2.12009  -0.258713    -0.172529    [0.4732522736235843, -0.8673039809581763, 0.01171064866279159, -0.15387966347800483]       0.494706
base_link->camera51  -0.127321    -0.0222717    0.564177    -3.05812  -0.041166     0.249285    [0.04394973026709368, -0.9910612648184373, -0.1250376223636234, -0.015217870402294621]     0.578794
base_link->camera52  -0.266279    -0.266442     0.522626    -2.56573  -0.458119     0.1031      [0.2874040996931391, -0.9292258567807762, -0.11250840338989954, -0.20317492398488632]      0.644231
base_link->camera53  -0.317488    -0.247743     0.502889    -2.54243  -0.548056     0.0125624   [0.28572540293427473, -0.919291493438676, -0.08563820234601172, -0.25676885034653024]      0.644261
base_link->camera54  -0.556196     0.0037383    0.410037     2.93394  -1.11969      0.241036    [0.02367737509900559, 0.843279470056702, 0.04668546800612661, 0.5349201663485477]          0.691013
base_link->camera55  -0.0486249    0.0153268    0.581495    -3.11193   0.120192     0.283706    [0.006166870198695696, -0.9881858866534847, -0.14022506861177023, 0.061543100861452836]    0.583726
base_link->camera56  -0.646845    -0.0223626    0.263631     2.6065   -1.36362      0.599488    [0.016647224392696308, 0.7646152508792259, 0.06193052656470399, 0.6412885449798212]        0.698863
base_link->camera57  -0.0624222    0.0146933    0.601792    -3.10584   0.129244     0.261667    [0.009260573432767503, -0.9893765953278354, -0.12902310288684316, 0.06634179164484406]     0.605199
base_link->camera58  -0.123263    -0.0121098    0.623804    -3.08981  -0.0358279    0.272141    [0.028075953978359474, -0.9902027694497958, -0.13604309386610983, -0.014229996257779038]   0.635981
base_link->camera59  -0.0917121   -0.00707667   0.613674    -3.06731   0.0417634    0.242384    [0.03433072590135205, -0.9918580404838458, -0.12001638993602062, 0.025201089923990824]     0.62053
base_link->camera60  -0.626848     0.147667     0.386275     2.51298  -1.06894      0.433598    [0.1556085320989439, 0.8330989163503768, 0.0222449993396725, 0.530318150093147]            0.750968
base_link->camera61  -0.106261    -0.054583     0.620187    -2.99938  -0.0524043    0.260149    [0.0738092944623247, -0.9884658379734391, -0.13118144928660655, -0.016700376448033422]     0.631588
base_link->camera62  -0.519022     0.0299381    0.439755     2.88145  -0.961132     0.290797    [0.04738630743276275, 0.8786528429407138, 0.068063697273339, 0.4702032034913971]           0.680929
base_link->camera63  -0.0461895   -0.0994759    0.603135    -2.87553   0.0531429    0.245705    [0.12836587013638448, -0.9837787404965483, -0.11792047210965989, 0.042383432949545004]     0.613026
base_link->camera64  -0.0690847    0.0632765    0.561052     3.11251   0.0781214    0.255684    [0.01938899407671637, 0.9909056258134344, 0.12794646614290267, -0.036875594117543514]      0.56882
base_link->camera65  -0.0742853   -0.0465242    0.580582    -2.99496   0.00688637   0.245745    [0.07227462546970408, -0.9898196863115027, -0.12198346229014503, 0.01238555736013172]      0.587161
base_link->camera66  -0.0910236   -0.0388251    0.564464    -2.99222  -0.0199514    0.191735    [0.07522430779260875, -0.9925125615547332, -0.09618992508964842, -0.002759888481896273]    0.573073
base_link->camera67  -0.0741915   -0.0153964    0.601769    -3.0658    0.0406009    0.27748     [0.03470860109486755, -0.9895824315646305, -0.13740605073999768, 0.025327877303633332]     0.606521
base_link->camera68   0.0493367   -0.0720286    0.568693    -2.86808   0.289097     0.311079    [0.1111735583112883, -0.9715395762598067, -0.13246531430825548, 0.16187721333942245]       0.575356
base_link->camera69  -0.0355209   -0.0733305    0.573344    -2.87195   0.127316     0.223927    [0.1262577763376444, -0.983681691812722, -0.1019942231099987, 0.07763041645464788]         0.579105
base_link->camera70  -0.0456944   -0.00336825   0.568187    -3.02387   0.0700476    0.268703    [0.053579252167799754, -0.9889413954362303, -0.1315924567157038, 0.042515943660073836]     0.570031
base_link->camera71  -0.574152    -0.24585      0.199406    -1.90715  -0.712217    -0.843598    [0.37852161555974273, -0.7799435757934208, 0.12882467009221243, -0.4814702581761906]       0.655633
base_link->camera72  -0.0784478    0.00741753   0.604148    -3.12024   0.0529557    0.315314    [0.0063822907011503015, -0.9872398083900307, -0.15666160203290755, 0.027820308120228]      0.609265
base_link->camera73  -0.107706    -0.0145654    0.597288    -3.07421  -0.0154332    0.244956    [0.034371438978679614, -0.9918844977765613, -0.12235693503751888, -0.0035394492930106293]  0.607096
base_link->camera74  -0.0755933   -0.0274636    0.605947    -3.04517   0.0301887    0.318686    [0.04518479763363013, -0.9861876127632375, -0.15774877412353702, 0.022531106445885823]     0.611261
base_link->camera75   0.0579871   -0.0271788    0.511394    -2.85224   0.302259     0.385635    [0.11133807234013977, -0.9643036906190289, -0.16615800420209592, 0.17353311944893537]      0.515388
base_link->camera76  -0.0305437   -0.0796612    0.548028    -2.86516   0.0632661    0.248858    [0.13275362754813275, -0.9828551168056529, -0.1185391091330863, 0.048174405525056155]      0.554629
base_link->camera77  -0.0732363   -0.0636147    0.591525    -2.95247   0.0127607    0.262252    [0.09277921892673861, -0.9870445660519656, -0.12956653817207278, 0.018642782751942588]     0.599426
base_link->camera78  -0.0639478   -0.0555707    0.602927    -2.97351   0.0456964    0.289672    [0.07975746928688615, -0.9860564770105614, -0.14188539180866622, 0.03463965689455688]      0.60885
base_link->camera79  -0.0841766    0.0228913    0.576565    -3.13299   0.0229303    0.239553    [0.0029004619152972894, -0.9927668379259527, -0.11943225587969107, 0.01189659996264044]    0.583127
mean                 -0.142288    -0.0247114    0.55589     -1.78468  -0.103939     0.205412    0.6104386432381667
var                   0.0265536    0.0079834    0.00998831   5.54566   0.127176     0.0274172   0.0017599466839996805
std                   0.162953     0.0893499    0.0999416    2.35492   0.356618     0.165581    0.04195171848684724
Daniilidis                     x             y           z        rx            ry            rz  四元数姿态(w,x,y,z)                                                                           距离
-------------------  -----------  ------------  ----------  --------  ------------  ------------  ----------------------------------------------------------------------------------------  --------
base_link->camera0   -0.0949553   -0.0333869    0.600162    -3.0375    0.0172844     0.139469     [0.05129320810893579, -0.9962128477547432, -0.06913244522443246, 0.012234123898709105]    0.608544
base_link->camera1   -0.0558787   -0.00510852   0.594042    -3.09705   0.10271       0.113979     [0.01928308831541069, -0.9968781224877415, -0.05572784066775051, 0.05250313500016193]     0.596686
base_link->camera2   -0.0327853    0.00483308   0.541662    -3.06438   0.154138      0.131319     [0.0333503057479835, -0.9943369425726667, -0.06240366203439586, 0.07929429176462974]      0.542675
base_link->camera3   -0.100862     0.0736208    0.600965     3.03512   0.0337535     0.133141     [0.05420719475489597, 0.9961697823904522, 0.06731348318045699, -0.01327552903195399]      0.613801
base_link->camera4   -0.0869461   -0.00346077   0.609498    -3.08756   0.0354641     0.107616     [0.026016545951851794, -0.998057149375291, -0.05327553975873393, 0.01915157385227221]     0.615678
base_link->camera5   -0.0406559   -0.00899      0.608307    -3.07305   0.155204      0.111632     [0.029784503704572696, -0.9950015498074737, -0.05293428555704793, 0.07926386712975053]    0.609731
base_link->camera6   -0.186642    -0.00409162   0.588808    -3.09927  -0.151202      0.0996548    [0.024834365847241656, -0.9956034372390746, -0.05124961634392031, -0.07436751209571602]   0.617695
base_link->camera7   -0.215207     0.00779704   0.581646    -3.12435  -0.225316      0.065906     [0.012266629499570783, -0.9930525038476572, -0.033705743302203384, -0.11207219669063836]  0.620231
base_link->camera8   -0.0936134   -0.0291186    0.595501    -3.03642   0.0345484     0.101695     [0.051609643856585286, -0.9972243428760702, -0.049840882024565644, 0.019898269155878893]  0.603517
base_link->camera9   -0.254849     0.103154     0.609723     2.97101  -0.297247      0.000935339  [0.08417922109563679, 0.9853866461721494, -0.012153455707669042, 0.14757814809685374]     0.668843
base_link->camera10   0.0804445   -0.120537     0.499527    -2.71213   0.325353      0.27114      [0.18695489993309708, -0.9599522124530043, -0.09611337206053339, 0.18520754549623758]     0.520122
base_link->camera11  -0.0142442   -0.052588     0.583362    -2.98102   0.157511      0.166694     [0.0731435776294452, -0.9907651360218305, -0.0764375342038589, 0.08480427854797884]       0.585901
base_link->camera12   0.00804463  -0.0164286    0.597721    -3.0458    0.233618      0.159939     [0.038100675057194895, -0.9893218700594724, -0.07368669153902291, 0.11983675342835096]    0.598001
base_link->camera13  -0.0672787   -0.00436367   0.62471     -3.08777   0.0802255     0.147496     [0.023861639146312785, -0.9961982664618282, -0.07251910313319726, 0.041959692044345825]   0.628338
base_link->camera14  -0.0758779   -0.0100251    0.631792    -3.08072   0.0586729     0.125192     [0.02852382119471834, -0.9972058821596159, -0.06160865163956865, 0.031163989697538103]    0.636411
base_link->camera15  -0.0845471   -0.0171226    0.627441    -3.07046   0.0424366     0.14306      [0.03394511866162976, -0.9966415314174649, -0.07065533691971808, 0.023689874158787025]    0.633343
base_link->camera16  -0.0752426   -0.0145642    0.624393    -3.07699   0.0571731     0.119834     [0.03051425562428877, -0.9973324652047227, -0.05890378371248145, 0.03044960289920725]     0.629079
base_link->camera17  -0.0428367   -0.0168183    0.60007     -3.06134   0.111777      0.157215     [0.03554670735463975, -0.9947302316600797, -0.07610674136723183, 0.05878742838557272]     0.601832
base_link->camera18  -0.081362    -0.0199433    0.616494    -3.06802   0.0470819     0.115283     [0.03535320252438216, -0.9974371522843307, -0.056690508499243356, 0.025602042111755166]   0.622159
base_link->camera19  -0.0599946    0.0209525    0.622747     3.14091   0.0952085     0.112493     [0.003014940271353222, 0.9972865277750478, 0.056169490427295896, -0.04749189403137101]    0.625981
base_link->camera20  -0.023372    -0.0396384    0.59873     -3.01439   0.136687      0.178437     [0.05708314416083972, -0.9920751793435546, -0.08438933693072093, 0.07353089823713521]     0.600496
base_link->camera21  -0.494513    -0.188129     0.275317    -2.42122  -0.685233     -0.383123     [0.2660351715852804, -0.8878594118972953, 0.051577927379423794, -0.3718476429832817]      0.596436
base_link->camera22  -0.608791     0.368438     0.0745985    2.58164  -1.42228      -0.0480019    [0.22434884947605668, 0.7235786167914322, -0.19778471146229604, 0.6220794056812552]       0.715498
base_link->camera23  -0.337338    -0.0984917    0.510458    -2.90308  -0.399417     -0.0538955    [0.11126049643573226, -0.9734455640652683, 0.0026272793726595522, -0.20004482782022634]   0.61973
base_link->camera24  -0.0559073    0.00800418   0.608328    -3.1138    0.0951134     0.111898     [0.011198282948266483, -0.9972470893644461, -0.055191849891574246, 0.048235888285561135]  0.610945
base_link->camera25  -0.0200195   -0.0253179    0.603225    -3.0471    0.137964      0.1834       [0.040612489300469366, -0.9926197449833821, -0.08801045552338643, 0.07287542315836251]    0.604088
base_link->camera26   0.140631    -0.279886     0.406122    -2.35716   0.353829      0.383051     [0.3384328481175253, -0.9058137476998392, -0.10711549455871133, 0.2312810684394096]       0.512882
base_link->camera27  -0.121472     0.0347897    0.598333     3.09754   0.020117      0.188365     [0.022873374718540968, 0.9952553879468504, 0.09423628930914303, -0.007939979155703342]    0.61153
base_link->camera28  -0.127576     0.0155738    0.606233     3.09448  -0.015124      0.292222     [0.022202255147140172, 0.9890679126137741, 0.145371002765333, 0.010908513153253493]       0.619707
base_link->camera29  -0.171493     0.0260063    0.59354      3.09019  -0.0755284     0.204476     [0.021692183018225182, 0.9938397707548962, 0.10098821480190463, 0.040166400546770446]     0.618365
base_link->camera30  -0.0666709   -0.027915     0.612772    -3.05331   0.0910098     0.207871     [0.03913072229882786, -0.9928143284926887, -0.10154368137510018, 0.049773250695285945]    0.617021
base_link->camera31  -0.0834469   -0.0322985    0.610792    -3.04524   0.0606836     0.195002     [0.04495764441782517, -0.9937804191822065, -0.09573500267241725, 0.03484390795749624]     0.617311
base_link->camera32  -0.123632    -0.00552494   0.591796    -3.08033  -0.0198672     0.153888     [0.03129691135607712, -0.9965010080660104, -0.07713178419865975, -0.007545338251295602]   0.604598
base_link->camera33  -0.0643053   -0.0236039    0.615503    -3.05871   0.0931325     0.21285      [0.03620815486143112, -0.9926164402446435, -0.10410063267256431, 0.050642179601147266]    0.619303
base_link->camera34  -0.0769622   -0.0296114    0.586303    -3.02421   0.0515665     0.205015     [0.05569865463728068, -0.9928624753391334, -0.10061368426776167, 0.03160144732623382]     0.592073
base_link->camera35  -0.0652085   -0.055898     0.591064    -2.97397   0.0651038     0.2082       [0.07984597437096273, -0.9908534430480417, -0.10078258135555374, 0.04095053201002411]     0.597272
base_link->camera36  -0.105879    -0.020508     0.580191    -3.04109  -0.000507928   0.170256     [0.050070082480478624, -0.9951199262750138, -0.08493040624960031, 0.004018117107174821]   0.590129
base_link->camera37  -0.0756259   -0.0578775    0.590537    -2.97526   0.047712      0.195708     [0.08032469643980181, -0.9916879128544555, -0.095360573544617, 0.03177086170485957]       0.598167
base_link->camera38  -0.449617     0.135925     0.544618     2.67931  -0.717625      0.294758     [0.16197604039684468, 0.9133471716077263, 0.05426312606012218, 0.36961631403890916]       0.719194
base_link->camera39  -0.168854    -0.00374909   0.587072    -3.10977  -0.148071      0.162266     [0.02180907353690208, -0.9937589432789916, -0.08198479348195033, -0.07242941807170668]    0.610884
base_link->camera40  -0.0748647   -0.0571903    0.59544     -2.99385   0.0375727     0.232245     [0.07112438491657018, -0.9905422780576489, -0.11414809900260084, 0.027157480455582427]    0.602847
base_link->camera41  -0.119419    -0.00134894   0.571612    -3.06814  -0.013802      0.154296     [0.03713728716272727, -0.9963100512135324, -0.07727051879641592, -0.00404606945244586]    0.583955
base_link->camera42  -0.226085    -0.0946107    0.525102    -2.88011  -0.302386      0.0748411    [0.13438046106517973, -0.9787338911893804, -0.056291831243348134, -0.14440599591593964]   0.57948
base_link->camera43  -0.411256     0.0942883    0.512072     2.77189  -0.709262      0.262283     [0.126250256110271, 0.9222289991978504, 0.057263646249742006, 0.360936865239347]          0.663506
base_link->camera44  -0.0689621   -0.025345     0.597813    -3.05726   0.0616155     0.232349     [0.03828444296917445, -0.9920560074820619, -0.11446539741657066, 0.035452111919568804]    0.602311
base_link->camera45  -0.0597544   -0.0282533    0.594124    -3.04729   0.0862582     0.196994     [0.04262761831079286, -0.9933224834286554, -0.09611473426781214, 0.04748987185606817]     0.597789
base_link->camera46  -0.0436804   -0.0662513    0.576969    -2.94078   0.0895557     0.209091     [0.09494258002824807, -0.9890075111023259, -0.09926295582389408, 0.05474408718634448]     0.5824
base_link->camera47  -0.0905855   -0.0501348    0.57334     -2.98078  -0.00163657    0.162575     [0.08011939424332826, -0.9934722594698928, -0.08100100440020166, 0.005708731560217563]    0.582613
base_link->camera48  -0.0801895    0.0130855    0.59175     -3.13605   0.0400833     0.171777     [0.0010397231056552218, -0.9961146935354019, -0.08571019848664023, 0.020203914821548884]  0.597302
base_link->camera49  -0.0911543   -2.81738e-05  0.596369     3.10015  -0.043654      0.277591     [0.017497695152308857, 0.9899974181691206, 0.1378398716985025, 0.024476773745177028]      0.603295
base_link->camera50  -0.219347    -0.266611     0.359085    -2.13754  -0.230451     -0.208513     [0.4649295377522944, -0.8718247812208431, 0.03559772068658085, -0.1499829258835391]       0.498133
base_link->camera51  -0.111904    -0.0206012    0.562956    -3.0609   -0.00845273    0.209051     [0.0405577248406907, -0.9937060765019711, -0.10441888910796202, 8.732975536759857e-06]    0.57434
base_link->camera52  -0.271173    -0.258454     0.52508     -2.56228  -0.44813       0.0506702    [0.2837894705024275, -0.9324777023075222, -0.08711411493791515, -0.2058154564405191]      0.645013
base_link->camera53  -0.318859    -0.245522     0.504841    -2.54112  -0.529311     -0.0365845    [0.2808314338359584, -0.9232672785197026, -0.06048293943353694, -0.25505499842571344]     0.645614
base_link->camera54  -0.561479     0.0139263    0.410314     2.98479  -1.11701       0.148391     [0.027078089411147945, 0.846194112476919, 0.021279951873880876, 0.5317607213131548]       0.695565
base_link->camera55  -0.0520765   -0.00498196   0.57762     -3.08122   0.117746      0.245319     [0.02270718188585803, -0.9905331574077636, -0.12032212977521586, 0.06205669224962917]     0.579985
base_link->camera56  -0.652687    -0.00793584   0.262819     2.75039  -1.37299       0.416354     [0.01858476046060381, 0.7678009766861481, 0.0362794751000135, 0.6393903866691197]         0.70366
base_link->camera57  -0.0566817   -0.00274452   0.602766    -3.08816   0.131041      0.215059     [0.01947747023124047, -0.9919246508059261, -0.10531501323957054, 0.06793278489272885]     0.605431
base_link->camera58  -0.121104    -0.0289974    0.623141    -3.06981  -0.0331245     0.22354      [0.037500761210915445, -0.9929177267070854, -0.1120409936523335, -0.012445747901721557]   0.635462
base_link->camera59  -0.0893964   -0.0245703    0.613477    -3.0498    0.0439114     0.194231     [0.04352745250669685, -0.9940978817063145, -0.09583515746662084, 0.02627517951686744]     0.620443
base_link->camera60  -0.624025     0.156823     0.390277     2.55875  -1.06902       0.346383     [0.15945578335964564, 0.8371270293652611, -0.0021364869618201165, 0.5232471932869941]     0.75254
base_link->camera61  -0.108899    -0.0703219    0.617777    -2.98498  -0.0466301     0.209819     [0.08020700978895924, -0.9909942559838331, -0.10618134886085881, -0.01492452149489182]    0.631231
base_link->camera62  -0.5185       0.0368562    0.442244     2.90668  -0.955656      0.220538     [0.05317414906190174, 0.8824515068339448, 0.043485113361335315, 0.4653610349760655]       0.682481
base_link->camera63  -0.0352363   -0.106558     0.594796    -2.87043   0.0930882     0.213202     [0.12934640325983002, -0.9848009667623864, -0.09905548622482363, 0.060204439008917435]    0.605292
base_link->camera64  -0.0644485    0.0531744    0.555568     3.12827   0.106623      0.216595     [0.012373342633558394, 0.9926687651923479, 0.10828274429326322, -0.052253902169037914]    0.561816
base_link->camera65  -0.0760792   -0.0458455    0.582819    -3.00696   0.0309479     0.201027     [0.0653694151024395, -0.9926848469195116, -0.09906972840428997, 0.02210934597519103]      0.589549
base_link->camera66  -0.0917946   -0.0333489    0.570016    -3.02008   0.00635661    0.156794     [0.06028600073363002, -0.9950990375893096, -0.0779795243019764, 0.007918162287536711]     0.578322
base_link->camera67  -0.0736141   -0.0169042    0.602299    -3.07401   0.0579064     0.22875      [0.030246821981655892, -0.9925947064822016, -0.11304105150779935, 0.032597532077338884]   0.607017
base_link->camera68   0.0460465   -0.0816272    0.568282    -2.87175   0.300716      0.259466     [0.11267305238925814, -0.9741055358093774, -0.10676821815977083, 0.16438897761650775]     0.575958
base_link->camera69  -0.0355671   -0.0662274    0.578804    -2.91343   0.1473        0.193457     [0.1059344472154706, -0.9869838417523833, -0.08735289586214243, 0.08372729899714336]      0.583665
base_link->camera70  -0.0448775   -0.00952791   0.564575    -3.01924   0.102167      0.22849      [0.05485064636071474, -0.9906849865764075, -0.11053336077107748, 0.05759375072493399]     0.566436
base_link->camera71  -0.590338    -0.233578     0.203278    -1.92246  -0.677371     -0.870533     [0.3747781724209574, -0.7814182305935542, 0.1535917077149308, -0.47469617408828707]       0.666618
base_link->camera72  -0.0747547    0.00674371   0.604197    -3.12613   0.0722294     0.267027     [0.002853165431393076, -0.9904615839104272, -0.1327497640752094, 0.03681318218580499]     0.608842
base_link->camera73  -0.101305    -0.0193609    0.595715    -3.06454   0.0127742     0.202364     [0.03767518939824831, -0.9941517326872551, -0.10068788523590566, 0.010240227802920917]    0.604578
base_link->camera74  -0.0729103   -0.0287308    0.606042    -3.04924   0.050979      0.271051     [0.04228043691247764, -0.9896118211922126, -0.133757392712516, 0.03146057701111426]       0.611088
base_link->camera75   0.0567564   -0.034308     0.507762    -2.85198   0.334671      0.345075     [0.11187566908211072, -0.9653514192564341, -0.14383606790396025, 0.186793087604831]       0.512074
base_link->camera76  -0.0351267   -0.0812482    0.550599    -2.87857   0.092905      0.207252     [0.12552484776839207, -0.985613196737738, -0.096380480521577, 0.05933752593063518]        0.557669
base_link->camera77  -0.0725108   -0.0622463    0.593101    -2.96393   0.0365165     0.217174     [0.08620875134867183, -0.9902008151262727, -0.10631838136331426, 0.027691130320967972]    0.60075
base_link->camera78  -0.0626264   -0.0588973    0.602543    -2.97273   0.0663557     0.242021     [0.07967909549502286, -0.9889442488925059, -0.11744223572145329, 0.04298645824302244]     0.608645
base_link->camera79  -0.082679     0.012593     0.572237    -3.11219   0.0444082     0.197725     [0.012436144089540874, -0.9947964685096441, -0.09834169665597366, 0.023542286629575547]   0.578316
mean                 -0.138231    -0.027384     0.555297    -1.85661  -0.0832188     0.157145     0.6092028016430131
var                   0.0271528    0.00788207   0.00968859   5.32819   0.130148      0.025972     0.0018074015812869916
std                   0.164781     0.088781     0.0984306    2.30829   0.360761      0.161158     0.04251354585643253
