算法                                  x            y           z         rx        ry        rz  四元数姿态(w,x,y,z)                                                                           距离
---------------------------  ----------  -----------  ----------  ---------  --------  --------  ---------------------------------------------------------------------------------------  ---------
end_link->marker:Tsai-Lenz   0.00900227  -0.0270267   -0.0964164   -2.02461  -14.5956   15.1695  [0.9833635679635411, -0.0006066361935291928, -0.12820893831496483, 0.12867864364645976]  0.100537
end_link->marker:Park        0.0202029   -0.0364674   -0.0867965  163.696     18.3802  100.859   [0.21103973697109019, 0.6050353259739215, 0.7676866202995055, 0.00719282669930678]       0.0962895
end_link->marker:Horaud      0.0273961   -0.0155411   -0.0380544   42.9331   -36.0394  142.727   [0.17553616407123634, 0.3839998492959082, 0.23776314680314214, 0.8747570273316719]       0.0493985
end_link->marker:Daniilidis  0.070958    -0.00240517  -0.0644265   -7.50128  -15.0011  167.12    [0.11945398341063966, 0.12215928806310034, -0.07905568770233862, 0.9821191640677608]     0.0958728

算法平均值测试              x             y             z         rx        ry         rz         距离
----------------  -----------  ------------  ------------  ---------  --------  ---------  -----------
mean              0.0318898    -0.0203601    -0.0714235      49.2757  -11.814    106.469   0.0855243
var               0.000551735   0.000162372   0.000505857  4746.88    379.113   3340.05    0.000438356
std               0.023489      0.0127425     0.0224913      68.8976   19.4708    57.7932  0.020937
Tsai-Lenz                     x           y           z          rx          ry         rz  四元数姿态(w,x,y,z)                                                                          距离
-------------------  ----------  ----------  ----------  ----------  ----------  ---------  ---------------------------------------------------------------------------------------  --------
base_link->camera0   -0.605821   -0.0754302   0.132316   -2.50252     1.09852    -2.10797   [0.5632825333000561, -0.25752653574151696, 0.785015728035243, 0.011965692848390134]      0.624673
base_link->camera1   -0.548304   -0.217305    0.0934806   1.543       0.0546333   2.46584   [0.2555063803520527, 0.21255492180560526, 0.6640376256079337, 0.6697693084880664]        0.597158
base_link->camera2   -0.256066   -0.32602     0.146259    1.68374     0.0183089   2.97291   [0.06291175985413305, 0.056755969884419125, 0.7437205080610971, 0.6630992959156858]      0.439603
base_link->camera3   -0.145941    0.0708892   0.542578   -3.12753    -0.0218843  -0.818577  [0.002097345432025645, -0.9173572330502464, 0.39785239911354947, -0.012836535051459468]  0.566316
base_link->camera4    0.311901    0.263424   -0.211154   -1.03309    -0.746057    1.25813   [0.7606345031476668, -0.18542160113749587, -0.5268371761763153, 0.3309026628050536]      0.459631
base_link->camera5    0.291261    0.0423069  -0.431643   -0.224228   -0.560773    0.484804  [0.934429358891562, -0.03836013061951737, -0.2927563173400769, 0.19915825937639212]      0.522435
base_link->camera6   -0.308399    0.391496    0.526841    2.80954    -0.234186   -0.992312  [0.19919045542265834, 0.8521963386111554, -0.48326673694192657, 0.02319103041603369]     0.725218
base_link->camera7   -0.143815   -0.164159    0.474642   -3.06241     0.239339   -1.30982   [0.10382548827983011, -0.7839368302278412, 0.608003721998948, 0.07067381573967564]       0.522413
base_link->camera8   -0.495372   -0.389979    0.0921816   1.61496     0.0195859   2.5056    [0.22286254456223495, 0.21947477050994532, 0.6884064457492092, 0.6544155230370027]       0.637161
base_link->camera9   -0.728136   -0.119235   -0.0884124   1.32336    -1.24104     2.13327   [0.0027454244419978352, -0.6431566054126548, -0.21609060999473328, -0.7346066238680453]  0.743112
base_link->camera10  -0.569213    0.363949   -0.0929404   1.53585    -0.851515    0.938763  [0.45450867860880667, 0.6985985027699302, 0.02119068193221596, 0.5522073414906179]       0.681983
base_link->camera11   0.0194947  -0.35136    -0.233184   -0.789039   -1.05141    -0.757924  [0.6705114832555743, -0.4802660947478637, -0.3074050157973224, -0.47461667197928664]     0.422147
mean                 -0.264868   -0.0426185   0.079247   -0.0190303  -0.273039    0.564393  0.5784875277519393
var                   0.109211    0.0680035   0.0899785   3.91548     0.389185    2.75104   0.0107965771088215
std                   0.330471    0.260775    0.299964    1.97876     0.623847    1.65863   0.10390657875621495
Park                          x           y          z          rx          ry          rz  四元数姿态(w,x,y,z)                                                                         距离
-------------------  ----------  ----------  ---------  ----------  ----------  ----------  --------------------------------------------------------------------------------------  --------
base_link->camera0   -0.0337498  -0.292421   -0.356895   0.365561   -0.694332   -1.85355    [0.6046439244880247, -0.16492620922920564, -0.3375619392871543, -0.7023225806092946]    0.462626
base_link->camera1   -0.355241    0.188626   -0.552373  -0.450992    0.252482   -0.745068   [0.9108498739096658, -0.16192969098985713, 0.19503480860927436, -0.32571875261553296]   0.683295
base_link->camera2   -0.243325    0.220669   -0.53912   -0.1277      0.212976   -0.107086   [0.9912502086635563, -0.0576775519892651, 0.1093139063646198, -0.04633350511551339]     0.63131
base_link->camera3   -0.113687    0.479007   -0.523806   0.275232    0.498827   -0.682939   [0.8931354718571979, 0.20713878462229643, 0.1858685392221221, -0.3533488912435598]      0.71885
base_link->camera4    0.0332871   0.607971    0.100385   2.2532      1.09443     0.429407   [0.4586544068632306, 0.7057614441957161, 0.3827498489398855, -0.38084048115741415]      0.617101
base_link->camera5    0.148618    0.322198    0.42954   -3.10343     0.566945    0.691283   [0.07750853109721434, 0.9049520708245222, 0.32019920980279326, -0.269307710916765]      0.557139
base_link->camera6   -0.259395    0.322771   -0.497891  -0.160299    0.0248477  -0.454171   [0.9713477993507746, -0.07521414025247396, 0.030089798054403594, -0.22342983206262684]  0.647582
base_link->camera7   -0.21747     0.0408875  -0.570855  -0.0835234   0.192968   -1.03593    [0.8660248839991498, 0.011550330180187363, 0.10419964187990949, -0.4888864129826949]    0.612242
base_link->camera8   -0.297357    0.0288812  -0.652911  -0.405584   -0.100995   -0.0908617  [0.9767883783918951, -0.20318616931693886, -0.040255291023020945, -0.0545834771839651]  0.718016
base_link->camera9   -0.648589   -0.123837   -0.292766  -0.85904     0.739641   -0.242834   [0.8596890977900582, -0.34562005239382204, 0.37322503417406305, 0.0467387247363137]     0.722299
base_link->camera10  -0.256141   -0.318436   -0.437927  -0.634467   -0.0962057  -0.332125   [0.9334685431189065, -0.31484378823718834, 0.00644741511791902, -0.17166332996368167]   0.598991
base_link->camera11  -0.123294    0.590506    0.326737   2.11257     0.435913    0.527072   [0.512916124176091, 0.7928726278683189, 0.3241430787089856, -0.05658012073532106]       0.686043
mean                 -0.197195    0.172235   -0.297323  -0.0682069   0.260624   -0.324734   0.6379578886777476
var                   0.0383757   0.0907345   0.126299   1.74017     0.194877    0.466688   0.005371532104134501
std                   0.195897    0.301222    0.355386   1.31916     0.441449    0.683146   0.0732907368235202
Horaud                        x            y           z         rx          ry          rz  四元数姿态(w,x,y,z)                                                                         距离
-------------------  ----------  -----------  ----------  ---------  ----------  ----------  --------------------------------------------------------------------------------------  --------
base_link->camera0   -0.100558   -0.269369     0.431507   -2.50612   -0.240033    0.370838   [0.32582218195048834, -0.9200496434962017, -0.21063484670568378, -0.05460330214197797]  0.518527
base_link->camera1   -0.147779   -0.344038     0.313669   -2.46846    0.637292   -0.424149   [0.3688397590034495, -0.8545195134947609, 0.2898198117050166, 0.22306525946059638]      0.488456
base_link->camera2   -0.483726   -0.173761     0.342771   -2.39419    0.17663    -0.964998   [0.360228698527327, -0.8065449785452525, 0.4588098684330817, -0.09598951489180825]      0.617799
base_link->camera3   -0.678027    0.142731     0.220443    1.80328    0.0583174   1.62862    [0.44222316327931327, 0.5249708033313992, 0.5825858948082322, 0.43524476410327384]      0.727109
base_link->camera4   -0.53455     0.384777    -0.174351   -1.27572   -0.0320467  -2.3384     [0.3052047816906263, -0.2445821027767386, 0.5429986808971922, -0.7430895429074444]      0.681319
base_link->camera5   -0.248496    0.569322    -0.0569371  -1.33067    0.186379   -3.06009    [0.089308264568407, 0.04810582574805276, 0.6171160129317748, -0.7803061514508698]       0.623795
base_link->camera6   -0.752352    0.20244      0.257656    1.57036    0.264716    1.47002    [0.5826391799413757, 0.4572565322660175, 0.5391727601323392, 0.4009249112097835]        0.820611
base_link->camera7    0.0291989  -0.411797     0.319339   -2.31367   -0.862235    0.904457   [0.49588053693093426, -0.6746988515068317, -0.5146494719802809, -0.18444477183934657]   0.521926
base_link->camera8   -0.713838   -0.00981709   0.403569   -2.46726    0.254875   -1.26132    [0.33573491484184526, -0.7311935367454442, 0.5859195294124223, -0.09662496484321954]    0.820078
base_link->camera9    0.0930842   0.377598    -0.336361    0.605587   0.306106   -1.30164    [0.7229735432142033, 0.3226233603987, -0.06276832446430614, -0.6076870580992279]        0.514183
base_link->camera10  -0.273645   -0.541168     0.0651637   1.7998     1.23362     3.11301    [0.46026934323519875, -0.3504404084890257, 0.6440043162950458, 0.5006017302898926]      0.60991
base_link->camera11   0.347036    0.400957    -0.105412   -1.60663    0.347618    2.04175    [0.25129731718590387, -0.47281391092436476, -0.5415597601985667, 0.6480815459070295]    0.540659
mean                 -0.288638    0.027323     0.140088   -0.881973   0.19427     0.0148405  0.6236976290498627
var                   0.11282     0.125964     0.0590456   2.9596     0.224673    3.23787    0.012514744653583288
std                   0.335888    0.354915     0.242993    1.72035    0.473997    1.79941    0.11186931953660614
Daniilidis                    x           y            z         rx          ry         rz  四元数姿态(w,x,y,z)                                                                       距离
-------------------  ----------  ----------  -----------  ---------  ----------  ---------  ------------------------------------------------------------------------------------  --------
base_link->camera0    0.127505   -0.0538025   0.387772    -2.84045    0.558771    0.237777  [0.11083088176736663, -0.9485471951252112, -0.0716459120235326, 0.2878221630748381]   0.411728
base_link->camera1    0.174534   -0.0478394   0.361431     2.84393    0.858259   -0.640366  [0.0015245344212534546, -0.8729912636323289, 0.2244766909907397, 0.4330059406270037]  0.404207
base_link->camera2   -0.278539    0.150731    0.514368     3.08397   -0.144437   -0.953318  [0.05862067006767895, 0.8848953757034321, -0.4592739582795105, 0.0509040503866688]    0.604051
base_link->camera3   -0.546417   -0.205504    0.14923      1.67168   -0.616243    2.20286   [0.08836975470913772, 0.5011233074505305, 0.5384892428483696, 0.671636473487762]      0.602556
base_link->camera4   -0.689953    0.260456    0.0950964   -1.7812    -0.731071   -1.90048   [0.11547335038583441, -0.6051097591146188, 0.45998467623488837, -0.6394702357451856]  0.743583
base_link->camera5   -0.559628    0.460732    0.0834106   -1.48456   -0.514191   -2.53967   [0.047119711310651506, -0.3727556271486033, 0.5688197065207335, -0.7316263504745568]  0.729667
base_link->camera6   -0.584944   -0.0966332   0.295067     1.84847   -0.420492    1.90776   [0.2049832986170654, 0.5541416849672219, 0.5639578705699397, 0.5769405172909717]      0.66224
base_link->camera7    0.0056673  -0.0493073   0.508816    -2.81734   -0.124309    1.31991   [0.1648596294203835, -0.7720068253740403, -0.6117942969844616, 0.05034384113829859]   0.511231
base_link->camera8   -0.378285    0.337316    0.51557      3.08657   -0.179668   -1.48214   [0.08075304569624842, 0.7328269410418895, -0.6739225884150474, 0.04766513314708704]   0.722976
base_link->camera9    0.350099    0.154356   -0.0939248    1.17444    0.505756   -1.73942   [0.4139911587433447, 0.5051775124444093, -0.2755549436264749, -0.7053201219629505]    0.393975
base_link->camera10  -0.045414   -0.489824   -0.00139866   1.67053    0.45931    -2.88944   [0.0852949645889834, -0.24231745678365313, 0.697068836961635, 0.6694042543117125]     0.491927
base_link->camera11   0.134142    0.488838   -0.385836    -1.03738   -0.308774    1.99742   [0.5286786183565154, -0.15291242392359772, -0.484152384892618, 0.6802302384525742]    0.637045
mean                 -0.190936    0.0757932   0.202467     0.451555  -0.0547574  -0.37326   0.5762654922925928
var                   0.116878    0.0757982   0.0717829    4.79321    0.249914    3.13004   0.015570767482945018
std                   0.341874    0.275315    0.267923     2.18934    0.499914    1.76919   0.12478288136978172
