
算法                                    x           y           z         rx        ry        rz  四元数姿态(w,x,y,z)                                                                           距离
---------------------------  ------------  ----------  ----------  ---------  --------  --------  ---------------------------------------------------------------------------------------  ---------
end_link->marker:Tsai-Lenz   -0.000138293  -0.0345173  -0.0725212   -2.02461  -14.5956   15.1695  [0.9833635679646594, -0.0006066362132815381, -0.12820893830961344, 0.12867864364315168]  0.0803168
end_link->marker:Park         0.0371116    -0.0360608  -0.144462   163.696     18.3802  100.859   [0.2110397369930449, 0.6050353259135093, 0.7676866203408438, 0.0071928267248042455]      0.15345
end_link->marker:Horaud       0.0437635    -0.0259707  -0.0855033   42.9331   -36.0394  142.727   [0.1755361640040456, 0.3839998492516718, 0.23776314686565814, 0.8747570273475817]        0.0995014
end_link->marker:Daniilidis   0.108359     -0.0404492  -0.0356754   -7.85446  -15.2771  167.34    [0.1180652260939047, 0.12431823453723405, -0.08208842438220176, 0.9817673194455946]      0.121039

算法平均值测试             x             y            z         rx        ry         rz         距离
----------------  ----------  ------------  -----------  ---------  --------  ---------  -----------
mean              0.047274    -0.0342495    -0.0845405     49.1874  -11.883    106.524   0.113577
var               0.00152373   2.75821e-05   0.00153095  4756.93    379.567   3346.76    0.000737481
std               0.0390349    0.00525187    0.0391273     68.9705   19.4825    57.8511  0.0271566
Tsai-Lenz                     x             y             z          rx          ry         rz  四元数姿态(w,x,y,z)                                                                           距离
-------------------  ----------  ------------  ------------  ----------  ----------  ---------  ----------------------------------------------------------------------------------------  --------
base_link->camera0   -0.571569   -0.0811357     0.165391     -2.50252     1.09852    -2.10797   [0.5632825333074591, -0.2575265357296302, 0.7850157280335983, 0.011965692863627492]       0.600523
base_link->camera1   -0.494405   -0.204653     -0.0807029     1.543       0.0546333   2.46584   [0.25550638035256285, 0.21255492181440386, 0.6640376255931775, 0.6697693084997097]        0.541139
base_link->camera2   -0.248749   -0.333303      0.0180594     1.68374     0.0183089   2.97291   [0.06291175984854855, 0.05675596988388759, 0.7437205080480838, 0.6630992959308569]        0.416285
base_link->camera3   -0.0614735   0.144431      0.530208     -3.12753    -0.0218843  -0.818577  [0.0020973454314643122, -0.9173572330428795, 0.39785239913021886, -0.012836535061385981]  0.552955
base_link->camera4    0.362048    0.176173     -0.127268     -1.03309    -0.746057    1.25813   [0.7606345031506193, -0.18542160113387207, -0.5268371761848474, 0.33090266278671393]      0.422271
base_link->camera5    0.217319    0.155071     -0.408909     -0.224228   -0.560773    0.484804  [0.9344293590319498, -0.038360130409076335, -0.2927563173754777, 0.19915825870620066]     0.488345
base_link->camera6   -0.0742091   0.496739      0.437482      2.80954    -0.234186   -0.992312  [0.19919045541751487, 0.8521963386039696, -0.4832667369561289, 0.023191030428330095]      0.666068
base_link->camera7   -0.165388   -0.14137       0.471299     -3.06241     0.239339   -1.30982   [0.10382548828132288, -0.7839368302222625, 0.6080037220036333, 0.07067381575905822]       0.519096
base_link->camera8   -0.477551   -0.348591     -0.059936      1.61496     0.0195859   2.5056    [0.2228625445543228, 0.21947477050757166, 0.6884064457379346, 0.6544155230523532]         0.594275
base_link->camera9   -0.753603   -0.000219434  -0.118321      1.32336    -1.24104     2.13327   [0.0027454244381702807, -0.6431566054176083, -0.21609061001213115, -0.7346066238586054]   0.762835
base_link->camera10  -0.615633    0.27526      -8.08587e-05   1.53585    -0.851515    0.938763  [0.45450867860172645, 0.6985985027678585, 0.021190681915079668, 0.5522073414997241]       0.674368
base_link->camera11  -0.21193    -0.351781     -0.122176     -0.789039   -1.05141    -0.757924  [0.6705114832534422, -0.4802660947335492, -0.3074050158073425, -0.4746166719902929]       0.428476
mean                 -0.257929   -0.0177816     0.0587538    -0.0190303  -0.273039    0.564393  0.5555530276204402
var                   0.105793    0.0682896     0.075277      3.91548     0.389185    2.75104   0.011015579694072429
std                   0.325258    0.261323      0.274367      1.97876     0.623847    1.65863   0.1049551318138967
Park                          x           y           z          rx          ry          rz  四元数姿态(w,x,y,z)                                                                         距离
-------------------  ----------  ----------  ----------  ----------  ----------  ----------  --------------------------------------------------------------------------------------  --------
base_link->camera0   -0.0587703  -0.262353   -0.413128    0.365561   -0.694332   -1.85355    [0.6046439245450373, -0.16492620922280007, -0.33756193930181844, -0.7023225805546679]   0.492908
base_link->camera1   -0.459685    0.097097   -0.471178   -0.450992    0.252482   -0.745068   [0.9108498739404951, -0.16192969099037685, 0.19503480856601452, -0.3257187525549651]    0.665392
base_link->camera2   -0.251284    0.103985   -0.550645   -0.1277      0.212976   -0.107086   [0.9912502086675359, -0.05767755202741936, 0.10931390633584026, -0.04633350505077752]   0.614139
base_link->camera3   -0.181802    0.429669   -0.557551    0.275232    0.498827   -0.682939   [0.8931354718894529, 0.20713878462292376, 0.18586853917597557, -0.3533488911859378]     0.727002
base_link->camera4   -0.102269    0.651694    0.0202455   2.2532      1.09443     0.429407   [0.45865440686400893, 0.7057614441789255, 0.3827498490084821, -0.3808404811186515]      0.65998
base_link->camera5    0.177818    0.220292    0.351878   -3.10343     0.566945    0.691283   [0.07750853090164538, 0.9049520705879781, 0.3201992105044318, -0.26930771093367956]     0.451626
base_link->camera6   -0.354209    0.0992533  -0.476475   -0.160299    0.0248477  -0.454171   [0.9713477993671965, -0.07521414025779612, 0.030089798014468983, -0.22342983199481978]  0.60195
base_link->camera7   -0.219696    0.0598251  -0.595731   -0.0835234   0.192968   -1.03593    [0.8660248840381912, 0.011550330168789143, 0.1041996418827178, -0.4888864129132074]     0.637762
base_link->camera8   -0.291793   -0.088604   -0.582574   -0.405584   -0.100995   -0.0908617  [0.976788378385817, -0.20318616936016337, -0.04025529104088155, -0.05458347711864846]   0.657561
base_link->camera9   -0.584767   -0.180658   -0.243934   -0.85904     0.739641   -0.242834   [0.8596890978156118, -0.3456200524093019, 0.37322503409976426, 0.04673872474512685]     0.658858
base_link->camera10  -0.201266   -0.193173   -0.536492   -0.634467   -0.0962057  -0.332125   [0.9334685431230264, -0.3148437882601998, 0.006447415073387752, -0.1716633299007451]    0.604688
base_link->camera11  -0.255991    0.637282    0.0718461   2.11257     0.435913    0.527072   [0.5129161241752789, 0.7928726278406476, 0.3241430787816403, -0.056580120714213804]     0.690523
mean                 -0.231976    0.131192   -0.331978   -0.0682069   0.260624   -0.324734   0.6218657439856573
var                   0.0345123   0.0864787   0.0901897   1.74017     0.194877    0.466688   0.005697746418003964
std                   0.185775    0.294073    0.300316    1.31916     0.441449    0.683146   0.07548341816587245
Horaud                         x           y           z         rx          ry          rz  四元数姿态(w,x,y,z)                                                                         距离
-------------------  -----------  ----------  ----------  ---------  ----------  ----------  --------------------------------------------------------------------------------------  --------
base_link->camera0   -0.122681    -0.225494    0.376799   -2.50612   -0.240033    0.370838   [0.3258221819611093, -0.9200496434735241, -0.21063484679818123, -0.054603302103900145]  0.455934
base_link->camera1   -0.0418984   -0.155182    0.364904   -2.46846    0.637292   -0.424149   [0.36883975902350663, -0.8545195135217223, 0.28981981160810033, 0.22306525945006744]    0.398738
base_link->camera2   -0.375839    -0.0743797   0.394977   -2.39419    0.17663    -0.964998   [0.3602286985418526, -0.8065449785903972, 0.45880986834158544, -0.09598951489530384]    0.550267
base_link->camera3   -0.649956     0.15885     0.0671721   1.80328    0.0583174   1.62862    [0.44222316332471073, 0.5249708032525091, 0.5825858948086594, 0.4352447641517296]       0.672449
base_link->camera4   -0.572771     0.440268   -0.10694    -1.27572   -0.0320467  -2.3384     [0.3052047817704404, -0.24458210279995668, 0.5429986809195643, -0.7430895428506734]     0.730301
base_link->camera5   -0.219419     0.528904   -0.208068   -1.33067    0.186379   -3.06009    [0.08930826410515583, 0.04810582531560789, 0.6171160130100687, -0.7803061514686305]     0.609243
base_link->camera6   -0.708552     0.152442   -0.0535004   1.57036    0.264716    1.47002    [0.5826391799554567, 0.45725653218314344, 0.5391727601438292, 0.4009249112683873]       0.726737
base_link->camera7    0.00905634  -0.388695    0.239176   -2.31367   -0.862235    0.904457   [0.4958805369725691, -0.6746988514476648, -0.5146494720352179, -0.18444477179055566]    0.456477
base_link->camera8   -0.52679      0.047098    0.422126   -2.46726    0.254875   -1.26132    [0.33573491483195944, -0.7311935368121588, 0.585919529334454, -0.09662496484550374]     0.676695
base_link->camera9   -0.0429451    0.387118   -0.442729    0.605587   0.306106   -1.30164    [0.7229735432539243, 0.32262336044069845, -0.062768324506978, -0.6076870580252667]      0.589673
base_link->camera10  -0.345398    -0.46417     0.0745226   1.7998     1.23362     3.11301    [0.46026934321310714, -0.3504404085815025, 0.644004316255633, 0.5006017302961696]       0.583358
base_link->camera11   0.307947     0.463436    0.0828333  -1.60663    0.347618    2.04175    [0.25129731711790493, -0.4728139108687124, -0.5415597602441516, 0.6480815459359058]     0.562552
mean                 -0.274104     0.0725163   0.100939   -0.881973   0.19427     0.0148405  0.5843687240585151
var                   0.0875609    0.106066    0.0678998   2.9596     0.224673    3.23787    0.010620384282031575
std                   0.295907     0.325678    0.260576    1.72035    0.473997    1.79941    0.10305524868744714
Daniilidis                    x            y            z         rx          ry         rz  四元数姿态(w,x,y,z)                                                                        距离
-------------------  ----------  -----------  -----------  ---------  ----------  ---------  -------------------------------------------------------------------------------------  --------
base_link->camera0    0.0593387   0.00967191   0.403407    -2.84964    0.557104    0.232708  [0.10732313354752793, -0.949440495861116, -0.07070455279652699, 0.2864356053956641]    0.407862
base_link->camera1    0.178545    0.158221     0.352871     2.83776    0.851417   -0.645674  [0.0011982029906511316, 0.873576349201542, -0.22634706819687878, -0.4308479211322438]  0.425947
base_link->camera2   -0.215378    0.257374     0.505186     3.08432   -0.151633   -0.956795  [0.060200565607094726, 0.8838222021318252, -0.4607718586694979, 0.054069410739283966]  0.6065
base_link->camera3   -0.545322   -0.152562     0.0900713    1.67834   -0.617152    2.20478   [0.0857276351534524, 0.5011055426299055, 0.5409813505176888, 0.6699874522023846]       0.573379
base_link->camera4   -0.659014    0.372832     0.208398    -1.77608   -0.736911   -1.90004   [0.11506211686435974, -0.6058400161779396, 0.45654782543102956, -0.6413132363786082]   0.785324
base_link->camera5   -0.571478    0.40773      0.00411622  -1.47745   -0.517265   -2.53918   [0.047582514721729564, -0.37369576158092266, 0.5655467283002455, -0.7336513342031751]  0.702031
base_link->camera6   -0.652273    0.0101914    0.0924545    1.85646   -0.419765    1.90766   [0.20305514804772504, 0.5548430651375419, 0.5664028500223522, 0.5745481628259292]      0.658872
base_link->camera7   -0.0368426  -0.0748653    0.506555    -2.82529   -0.125109    1.32173   [0.16198291273840543, -0.7720407218212231, -0.6127277062930847, 0.04774324843747674]   0.513381
base_link->camera8   -0.25996     0.365679     0.456082     3.08959   -0.186021   -1.4865    [0.08188615821426203, 0.7312105992033722, -0.6753079010856409, 0.05084245703013183]    0.639774
base_link->camera9    0.307126    0.178789    -0.226031     1.17321    0.513659   -1.73983   [0.4120042379769588, 0.5069437913858598, -0.27274936572721253, -0.706306083620804]     0.421167
base_link->camera10  -0.112342   -0.433991     0.143717     1.67755    0.454622   -2.88773   [0.0838460597817873, -0.24115027718488216, 0.699793389917085, 0.6671623441869887]      0.470769
base_link->camera11   0.274406    0.518817    -0.160046    -1.0301    -0.304969    1.99421   [0.5296852292829255, -0.15321266115659293, -0.4806629157802951, 0.6818523298591824]    0.608346
mean                 -0.1861      0.134824     0.198065     0.453221  -0.0568353  -0.374554  0.5677793574299074
var                   0.116758    0.069223     0.0578156    4.80013    0.250081    3.13003   0.013463482699214555
std                   0.341699    0.263103     0.240449     2.19092    0.500081    1.76919   0.11603224853123616