算法                                    x             y          z        rx        ry        rz  四元数姿态(w,x,y,z)                                                                           距离
---------------------------  ------------  ------------  ---------  --------  --------  --------  ---------------------------------------------------------------------------------------  ---------
end_link->marker:Tsai-Lenz   -0.000769027  -0.0019674    0.0122123  -5.9082   -2.79864  -35.3347  [0.9509026320858045, -0.05649204841470092, -0.00760156503165299, -0.30419574120501786]   0.0123936
end_link->marker:Park        -0.00253676    0.000158192  0.0105209  -4.97769  -3.50004  -40.91    [0.9351631013754151, -0.05133022744873949, -0.013417657692121665, -0.35022156992114745]  0.0108235
end_link->marker:Horaud      -0.00243818   -0.000166832  0.0106497  -6.03309  -3.36627  -40.1997  [0.9368581985545726, -0.05947780284876159, -0.009467960378940043, -0.3444843457918335]   0.0109265
end_link->marker:Daniilidis  -0.000896557   0.00343645   0.0115219  -6.15266  -3.4893   -40.5043  [0.9358265093205432, -0.06084871421616712, -0.00995376451302532, -0.347026081157001]     0.0120569

算法平均值测试               x            y            z         rx          ry         rz         距离
----------------  ------------  -----------  -----------  ---------  ----------  ---------  -----------
mean              -0.00166013   0.000365102  0.0112262    -5.76791   -3.28856    -39.2372   0.0115501
var                6.87737e-07  3.79988e-06  4.72437e-07   0.215621   0.0827718    5.13988  4.71297e-07
std                0.000829299  0.00194933   0.00068734    0.46435    0.287701     2.26713  0.000686511
Tsai-Lenz                      x            y           z        rx          ry           rz  四元数姿态(w,x,y,z)                                                                             距离
-------------------  -----------  -----------  ----------  --------  ----------  -----------  ------------------------------------------------------------------------------------------  --------
base_link->camera0   -0.146937     0.00943394  0.575464    -3.13102  -0.0313746   0.127326    [0.006273920339212727, -0.9978321815897258, -0.0636939940201904, -0.015318303862435977]     0.594002
base_link->camera1   -0.0925803   -0.00861382  0.585727    -3.0701    0.0956377   0.135531    [0.03238310971734221, -0.9960432898364872, -0.06588862438978822, 0.0500778209666086]        0.593061
base_link->camera2   -0.0501998    0.0960454   0.521891     3.01187   0.257083    0.0978283   [0.0704574611623417, 0.9880746580479853, 0.05668780931796816, -0.12462226351917864]         0.533024
base_link->camera3   -0.177798     0.0920315   0.575898     2.97323  -0.0500094   0.119553    [0.08241915422971517, 0.9944935563359488, 0.05741246055395674, 0.02989078111183414]         0.609706
base_link->camera4    0.0226102   -0.273809    0.342928    -2.39299   0.197295    0.288449    [0.34689437278388485, -0.9217962852770795, -0.09748784292679646, 0.14301056975528942]       0.439411
base_link->camera5   -0.204225     0.0196348   0.566587     3.13981  -0.117255    0.0544761   [0.0007084904045846129, -0.9979126350950609, -0.027135812135043916, -0.058596232462080546]  0.60259
base_link->camera6   -0.110893     0.0667426   0.591778     3.06105   0.0752511   0.117667    [0.04237085793579216, 0.996665495023073, 0.060221944699780136, -0.03515563688477798]        0.605766
base_link->camera7   -0.00281166   0.0272676   0.573335    -3.1108    0.33233     0.171263    [0.0009856896720777878, -0.9827140127457895, -0.08180138171612214, 0.16607447581814566]     0.57399
base_link->camera8   -0.0752931    0.0315121   0.567449    -3.1295    0.167324    0.156248    [0.0005164228573676868, 0.9934841528070666, 0.0772668019484793, -0.08377835487351112]       0.573289
base_link->camera9   -0.0645736    0.00865578  0.590825    -3.11175   0.199194    0.111759    [0.009271687013312187, -0.9934634310040091, -0.054086164666469025, 0.10009562362731454]     0.594406
base_link->camera10  -0.0816304   -0.01128     0.561116    -3.04863   0.137987    0.107025    [0.04260442735618866, -0.9952882151623847, -0.05010358128050443, 0.07124508875279582]       0.567135
base_link->camera11  -0.292738     0.260093    0.601079     2.40119  -0.375885    0.156636    [0.34071495075857033, 0.9183196603027783, 0.004261757331396332, 0.20145510977739675]        0.717384
base_link->camera12  -0.0545806    0.0216975   0.543253    -3.11385   0.241314    0.120528    [0.006497008047205182, -0.9909328742424839, -0.05811721188625113, 0.12096370246703188]      0.546419
base_link->camera13  -0.0926952   -0.0414963   0.577349    -3.0034    0.124819    0.0598488   [0.06701283572263499, -0.9953547957684017, -0.025486452669454623, 0.06425380237450488]      0.586213
base_link->camera14  -0.183946    -0.00944934  0.545806    -3.05421  -0.0381007  -0.0935147   [0.0427314312540338, -0.9978116456159906, 0.045856163637780764, -0.021051292419130133]      0.576046
base_link->camera15  -0.135878    -0.0316802   0.565666    -3.05251   0.0398718   0.0513647   [0.043991996595227095, -0.9985030801993172, -0.024761641003173705, 0.021051465575380436]    0.582619
mean                 -0.109011     0.0160491   0.555384    -1.16447   0.0784676   0.111374    0.5809413191470721
var                   0.0059221    0.0104013   0.00338287   7.62345   0.0283655   0.00573176  0.002806150821966381
std                   0.0769552    0.101987    0.0581625    2.76106   0.168421    0.0757084   0.052973114142613714
Park                           x            y           z         rx          ry           rz  四元数姿态(w,x,y,z)                                                                           距离
-------------------  -----------  -----------  ----------  ---------  ----------  -----------  ----------------------------------------------------------------------------------------  --------
base_link->camera0   -0.156075     0.0196068   0.576216     3.12463   -0.0355172   0.0337269   [0.00818126093875156, 0.9996667253595835, 0.016708775281593705, 0.01789754192307769]      0.597301
base_link->camera1   -0.0837446   -0.00174829  0.584091    -3.10146    0.14086     0.050007    [0.018248989986282837, -0.9970435836363447, -0.02352238992208333, 0.07083617625499976]    0.590066
base_link->camera2   -0.0423102    0.0744675   0.51672      3.03351    0.280339    0.0101218   [0.05419175281913321, 0.9886958580729069, 0.012550465879569705, -0.13923447835243233]     0.52377
base_link->camera3   -0.167747     0.11123     0.577012     2.9441    -0.0203471   0.0312333   [0.09840978925097488, 0.9949714603202406, 0.014536322918667396, 0.011661982841296346]     0.611109
base_link->camera4   -0.00408494  -0.282449    0.336991    -2.38153    0.243693    0.204747    [0.35473822026742197, -0.9215489043918565, -0.04934860417761627, 0.14991039710904572]     0.439724
base_link->camera5   -0.198372     0.0455196   0.568699     3.08769   -0.0936673  -0.0204534   [0.02739527145457654, 0.9984756314683532, -0.011473139924532888, 0.04652181774259633]     0.604022
base_link->camera6   -0.0819645    0.0566276   0.581531     3.07514    0.149209    0.05565     [0.03518609797431305, 0.9962133128911795, 0.03020370603032739, -0.07354393156308937]      0.590003
base_link->camera7   -0.00609011   0.0158202   0.573367    -3.12179    0.326223    0.0699171   [0.004086642477412785, -0.9861317516252666, -0.03287924548041807, 0.16262356227307126]    0.573618
base_link->camera8   -0.0658602    0.0202187   0.56213     -3.13468    0.195683    0.0610874   [0.00045741674567888765, -0.9947575037381005, -0.03005497564535789, 0.09774455465968912]  0.566336
base_link->camera9   -0.0789539    0.041114    0.592019     3.09292    0.177182    0.0398212   [0.025995481256116622, 0.9955431738544567, 0.02197794805156149, -0.08794881321257786]     0.598674
base_link->camera10  -0.0989084   -0.0085336   0.565238    -3.08038    0.126223    0.0102143   [0.03021660583357326, -0.9975386203793729, -0.0031646948898335636, 0.06319527110290796]   0.57389
base_link->camera11  -0.281133     0.275206    0.597843     2.39331   -0.383749    0.061615    [0.35313003389664854, 0.9154524720464805, -0.04151711509745004, 0.18847355182657535]      0.715675
base_link->camera12  -0.0606356    0.00501541  0.54125     -3.08869    0.235133    0.0312158   [0.024434712907426426, -0.9926770400822865, -0.01239192918028327, 0.11765066506311526]    0.544659
base_link->camera13  -0.0951049   -0.0308561   0.579469    -3.03914    0.145567   -0.0345519   [0.05231628565901371, -0.9958311485317336, 0.02092974509500252, 0.0717305767373377]       0.588032
base_link->camera14  -0.154687     0.00867543  0.549096    -3.10515    0.037661   -0.130602    [0.019408566607471225, -0.9975036865553243, 0.06557468672971753, 0.017597252941302342]    0.570535
base_link->camera15  -0.102168    -0.0211912   0.568002    -3.06833    0.119866   -0.00523685  [0.03671470581119379, -0.9975257067654588, 0.004805630787526646, 0.05976119670826023]     0.577506
mean                 -0.104865     0.0205452   0.554355    -0.398115   0.102772    0.029282    0.5790575165304435
var                   0.00487229   0.0110168   0.00352186   8.84787    0.0283188   0.00436206  0.002831310950461136
std                   0.0698018    0.104961    0.0593452    2.97454    0.168282    0.0660459   0.05321006437189431
Horaud                          x             y           z         rx          ry            rz  四元数姿态(w,x,y,z)                                                                          距离
-------------------  ------------  ------------  ----------  ---------  ----------  ------------  ---------------------------------------------------------------------------------------  --------
base_link->camera0   -0.149603      0.0210584    0.576063     3.12156   -0.0202331   0.0489155    [0.009765011408711267, 0.9996021027070596, 0.02435153355501481, 0.010357781100789958]    0.595544
base_link->camera1   -0.0793515     0.000141544  0.582996    -3.09989    0.147774    0.0707485    [0.018170678615593003, -0.9964854705295163, -0.03372449510375526, 0.07449289826697697]   0.588372
base_link->camera2   -0.0368553     0.0794215    0.514619     3.02846    0.292494    0.0260107    [0.057822407780850286, 0.9875517440868263, 0.021084020004023346, -0.1447535353971097]    0.522014
base_link->camera3   -0.165361      0.113931     0.576988     2.93721   -0.0151697   0.0512746    [0.10178539078492294, 0.9944471596656339, 0.024726512982510704, 0.010157775910085001]    0.610933
base_link->camera4    0.0053245    -0.277575     0.341053    -2.39124    0.249569    0.221028     [0.3485990009474576, -0.9226057144704051, -0.05649102530829786, 0.15519728162762716]     0.439765
base_link->camera5   -0.195972      0.0462043    0.568664     3.08477   -0.0887905   0.000761444  [0.028362567818208586, 0.998611924326676, -0.0008805484043817036, 0.044373572921710035]  0.603257
base_link->camera6   -0.0800121     0.0602188    0.581484     3.07444    0.148723    0.077234     [0.036318258548596126, 0.9958350454689269, 0.04097111551992068, -0.07290345674212691]    0.590044
base_link->camera7   -0.000517641   0.0218089    0.57082     -3.13001    0.340482    0.08163      [0.0012118144386040152, 0.9847466715826144, 0.03923308957101401, -0.16950896435127477]   0.571237
base_link->camera8   -0.0626936     0.0172461    0.560275    -3.12036    0.200847    0.0796379    [0.00656365850047786, -0.9941594802256115, -0.03854212681568282, 0.10059001304878579]    0.564036
base_link->camera9   -0.0704599     0.0388238    0.591197     3.09939    0.196216    0.0492898    [0.023405287817790586, 0.9946166166083003, 0.02658457864215273, -0.09738192156269475]    0.596645
base_link->camera10  -0.0919315    -0.00977909   0.562715    -3.07362    0.143924    0.0217511    [0.033106326035241926, -0.9968035589787089, -0.008398064277364004, 0.07222263149609874]  0.570259
base_link->camera11  -0.279244      0.269027     0.600902     2.40877   -0.37353     0.068555     [0.34588839466908416, 0.9191246854603874, -0.03504483622618221, 0.18531834896865446]     0.715148
base_link->camera12  -0.0548967     0.00481897   0.539282    -3.08285    0.249078    0.048253     [0.02613697579010101, -0.9916264129628826, -0.020279994927660416, 0.12483043465697172]   0.54209
base_link->camera13  -0.0981826    -0.038291     0.577299    -3.02002    0.137102   -0.0254499    [0.061473092912681646, -0.9956750365946303, 0.01683218701412753, 0.06759406653214144]    0.586839
base_link->camera14  -0.163227      0.00465441   0.548197    -3.09343    0.0220923  -0.139816     [0.02479222072988237, -0.9971887370217801, 0.07009172442333941, 0.009333740705120108]    0.572001
base_link->camera15  -0.111706     -0.0277123    0.565922    -3.05527    0.102753   -0.0068998    [0.04326991178246145, -0.9977367645352488, 0.005658047476839803, 0.051157110237203714]   0.577506
mean                 -0.102168      0.0202498    0.553655    -0.394505   0.108333    0.0420578    0.5778555905508522
var                   0.00514383    0.0108131    0.00341492   8.8291     0.0287144   0.00502508   0.002836717146873708
std                   0.0717205     0.103986     0.0584373    2.97138    0.169453    0.0708878    0.053260840651211165
Daniilidis                     x            y           z         rx          ry           rz  四元数姿态(w,x,y,z)                                                                           距离
-------------------  -----------  -----------  ----------  ---------  ----------  -----------  ----------------------------------------------------------------------------------------  --------
base_link->camera0   -0.146458     0.0252846   0.576787     3.11742   -0.0186137   0.0446625   [0.011876067001950303, 0.9996368476878701, 0.022214351860395592, 0.009573627768285017]    0.595628
base_link->camera1   -0.074569     0.00310641  0.58399     -3.10374    0.151991    0.0676747   [0.01628999970250497, -0.9964131012889464, -0.03229129348823695, 0.07650385515967564]     0.58874
base_link->camera2   -0.0324004    0.0799784   0.516376     3.02753    0.296477    0.021061    [0.05792431022805051, 0.9872813963588501, 0.01881605334991271, -0.1468542638967512]       0.523537
base_link->camera3   -0.162694     0.119252    0.578915     2.93251   -0.0131982   0.0477865   [0.10416137208754374, 0.9942515430923281, 0.02307163412759511, 0.009054132871086818]      0.613052
base_link->camera4    0.00647527  -0.275161    0.34484     -2.39366    0.253689    0.216415    [0.34753792398363065, -0.9229973254122147, -0.05378178246862991, 0.15620770963541894]     0.441214
base_link->camera5   -0.19345      0.0518031   0.570149     3.07918   -0.0874945  -0.00116263  [0.031198378502769616, 0.9985558195477348, -0.0019450767881725867, 0.043693856575471014]  0.604298
base_link->camera6   -0.0739353    0.0599039   0.582567     3.07371    0.154774    0.0759278   [0.036741732676742946, 0.9956153447534215, 0.040441032803820554, -0.07592531354691101]    0.590287
base_link->camera7    0.00203926   0.0255998   0.571665    -3.13379    0.341585    0.0753986   [0.0025632440134356997, 0.9847676519795773, 0.036478925274739865, -0.16998643888721737]   0.572241
base_link->camera8   -0.0578023    0.0138932   0.560013    -3.11925    0.205284    0.0756579   [0.0072319724840902485, -0.9940065186281408, -0.036474488833492094, 0.10280248617172792]  0.56316
base_link->camera9   -0.0673492    0.043496    0.589086     3.09343    0.197439    0.0464286   [0.026243875026571, 0.9945194824466455, 0.025465236652765885, -0.09794784213990924]       0.594516
base_link->camera10  -0.0879573   -0.00865326  0.563057    -3.07647    0.146379    0.0163793   [0.03186859336555669, -0.9967802744598468, -0.005782805188812079, 0.07334873120103307]    0.569952
base_link->camera11  -0.274469     0.267354    0.60277      2.40994   -0.370963    0.062581    [0.34602392482208966, 0.9194262160906075, -0.037224208912675805, 0.1831317418877725]      0.714243
base_link->camera12  -0.0511777    0.0028016   0.541198    -3.0811     0.252122    0.0435448   [0.02725803613781691, -0.9914588661100506, -0.01778680770077759, 0.12629309462317187]     0.543619
base_link->camera13  -0.098424    -0.0429295   0.577828    -3.01881    0.138636   -0.0311831   [0.06227335721341225, -0.995532000161463, 0.019772946822151, 0.06816961353752686]         0.58772
base_link->camera14  -0.164311     0.00145484  0.547597    -3.09418    0.0261887  -0.144439    [0.024584543160497713, -0.9970051718269051, 0.07244002903945057, 0.011345914716603086]    0.57172
base_link->camera15  -0.111972    -0.0320498   0.564086    -3.05312    0.106805   -0.0108685   [0.044448487695977444, -0.9975699681273547, 0.007781602546316449, 0.05308424713359301]    0.575984
mean                 -0.0992784    0.0209459   0.554433    -0.396275   0.111319    0.0378665   0.5781195469284928
var                   0.00515967   0.0108379   0.00332444   8.82232    0.0288089   0.00503503  0.0027904224430249864
std                   0.0718309    0.104105    0.0576579    2.97024    0.169732    0.0709579   0.05282444929220736
[base_hand_to_eye_calib-1] process has finished cleanly
log file: /home/robot/.ros/log/db0411c6-a099-11ee-96a2-1f2b98460115/base_hand_to_eye_calib-1*.log
all processes on machine have died, roslaunch will exit
shutting down processing monitor...
... shutting down processing monitor complete
